1	1	5978	348	353	283	283	327	331	276	278	337	343	233	233	107	107	126	126	190	196	315	317
1	2	5979	352	373	299	302	329	329	270	272	337	341	229	233	109	109	126	129	180	218	315	319
1	3	5980	352	353	293	318	329	331	299	301	349	349	223	223	103	109	126	126	202	208	308	317
1	4	5981	352	357	303	304	333	339	265	265	367	367	225	225	111	111	126	126	192	202	308	315
1	5	5982	352	352	301	301	333	333	280	280	353	357	229	240	103	124	126	126	196	208	308	317
1	6	5983	352	361	318	341	329	329	295	297	341	341	222	222	97	137	126	126	206	206	308	315
1	7	5984	359	384	304	329	329	331	303	305	337	367	220	233	103	105	126	129	196	196	308	328
1	8	5985	353	381	293	308	329	343	282	282	351	351	229	229	119	119	129	129	196	206	308	318
2	1	6015	349	383	302	304	337	343	274	299	355	355	222	222	101	105	126	132	206	206	308	315
2	2	6016	352	352	293	310	341	343	266	266	353	375	233	233	103	103	126	126	200	200	304	315
2	3	6017	357	359	295	309	343	343	280	293	341	341	242	242	107	107	126	129	184	196	304	318
2	4	6018	349	353	316	318	9999	9999	288	297	339	339	222	222	103	127	126	129	202	202	304	308
2	5	6019	352	355	295	304	333	347	278	278	341	369	222	222	97	127	126	126	190	202	317	319
2	6	6020	349	352	293	328	333	343	266	276	353	375	222	222	103	105	126	129	200	200	308	315
2	7	6021	352	361	297	329	337	337	278	278	342	343	222	222	101	103	126	129	200	206	317	319
2	8	6022	355	369	307	322	329	331	265	265	353	353	222	233	99	99	124	128	188	188	315	317
3	1	6563	348	359	289	303	339	341	265	290	357	359	222	233	107	107	126	126	196	206	306	315
3	2	6564	349	357	283	303	339	341	295	297	353	359	222	222	107	107	126	126	190	196	304	306
3	3	6565	352	355	293	308	329	331	282	282	353	357	222	222	103	105	126	126	190	212	313	321
3	4	6566	355	371	304	340	333	345	282	282	339	339	222	231	103	117	126	126	202	204	311	315
3	5	6567	357	359	289	338	335	335	265	291	341	341	233	244	101	101	126	129	204	204	311	311
3	6	6568	352	352	293	338	329	345	284	286	351	353	222	231	101	103	126	126	204	212	311	311
3	7	6569	352	352	326	340	335	335	284	286	341	341	233	233	101	101	126	129	212	212	317	317
3	8	6570	352	371	338	340	329	345	278	286	341	341	222	231	97	127	126	129	212	216	308	317
4	1	6595	348	355	283	326	335	339	284	286	339	339	222	233	97	103	126	126	186	200	308	317
4	2	6596	355	357	329	345	331	339	293	297	339	353	222	233	103	103	126	126	186	200	308	315
4	3	6597	348	367	283	283	337	339	278	278	339	357	222	233	97	103	126	126	186	200	308	328
4	4	6598	348	348	283	283	329	339	286	288	339	357	222	233	103	103	126	126	186	196	290	308
4	5	6599	349	367	325	328	331	337	278	288	339	355	222	229	103	103	126	126	186	186	304	308
4	6	6601	349	353	327	329	329	341	278	290	339	359	222	233	103	111	126	126	186	200	290	308
4	7	6602	349	355	283	344	331	337	278	297	339	355	222	229	97	103	126	126	186	200	290	317
5	1	6739	348	359	304	331	331	337	282	295	343	343	222	251	103	117	126	126	196	196	308	308
5	2	6740	371	387	293	297	331	337	263	265	345	345	233	233	101	103	126	129	188	212	313	325
5	3	6741	352	361	308	336	331	333	278	280	345	353	222	233	97	129	129	129	186	210	308	315
5	4	6742	349	355	283	303	329	341	286	290	339	357	222	222	97	127	126	129	202	221	317	317
5	5	6743	353	357	293	303	329	347	293	301	345	345	222	222	105	109	126	126	9999	9999	317	330
5	6	6744	352	352	316	318	331	337	295	297	369	371	222	233	103	103	126	129	200	200	308	308
5	7	6746	367	371	303	304	337	341	297	299	353	353	222	229	103	115	126	126	186	200	308	311
6	1	6771	349	357	289	310	331	345	288	290	339	339	222	229	103	103	126	126	186	200	290	317
6	2	6772	348	349	9999	9999	329	333	280	282	339	339	222	233	103	103	126	126	186	200	290	313
6	3	6773	349	357	9999	9999	339	341	274	274	339	339	222	233	103	103	126	126	186	200	303	315
6	4	6774	349	358	9999	9999	329	335	293	295	339	339	222	229	103	103	126	126	186	200	315	317
6	5	6775	352	355	9999	9999	333	339	282	284	339	351	222	233	103	103	126	126	186	200	308	317
6	6	6777	353	355	9999	9999	329	333	293	299	339	345	222	233	103	103	126	126	186	200	311	317
6	7	6778	349	349	9999	9999	339	347	274	282	339	339	222	233	103	103	126	126	186	200	304	315
7	1	7491	352	352	299	302	329	331	278	278	339	339	222	222	115	117	126	126	192	208	317	338
7	2	7492	348	353	336	338	329	343	278	278	343	343	225	225	117	124	126	126	192	198	311	338
7	3	7493	348	371	301	323	329	341	266	291	341	341	222	233	103	103	126	126	225	225	304	315
7	4	7494	352	367	293	318	329	343	265	293	341	341	222	222	103	115	126	126	180	225	308	317
7	5	7496	353	388	291	293	331	343	278	293	369	371	225	233	103	103	126	129	196	198	308	315
7	6	7497	349	357	283	336	329	331	266	291	353	353	231	231	103	103	126	126	192	192	317	321
7	7	7498	371	373	304	309	339	341	280	280	355	361	222	222	101	101	126	126	192	198	317	317
8	1	7516	349	359	322	325	331	337	278	278	341	341	222	222	103	103	126	126	188	200	315	317
8	2	7517	375	377	294	297	331	339	272	272	339	349	222	233	103	103	126	132	186	200	317	317
8	3	7518	349	352	305	308	345	345	299	301	339	353	222	231	103	117	126	126	196	200	308	317
8	4	7519	348	349	302	304	331	339	272	272	339	349	222	242	103	103	126	132	186	186	306	317
8	5	7521	352	353	283	283	329	331	286	291	347	359	222	238	103	111	126	126	186	196	303	315
8	6	7522	352	373	283	303	331	337	286	299	355	361	222	229	103	103	126	126	186	186	303	315
8	7	7523	352	384	278	317	329	337	265	265	339	353	222	233	103	103	126	126	186	188	317	319
9	1	7548	352	369	293	295	337	343	290	291	367	369	222	222	103	105	126	129	192	194	304	317
9	2	7549	361	361	315	335	339	345	278	286	339	343	222	222	115	115	126	126	194	202	315	319
9	3	7550	349	367	302	311	335	339	293	295	351	351	222	222	105	121	126	126	200	202	315	315
9	4	7551	349	377	299	302	333	347	278	282	337	337	222	222	103	103	126	129	206	206	308	321
9	5	7552	355	385	295	305	339	341	284	286	343	352	222	227	101	103	126	126	9999	9999	313	317
9	6	7553	359	383	314	316	331	337	266	291	347	347	225	236	103	105	126	126	196	216	315	336
9	7	7554	353	355	314	316	333	343	288	303	337	361	222	229	103	103	126	129	186	196	315	317
9	8	7555	355	379	322	325	329	329	293	295	339	339	222	222	103	109	126	126	196	210	315	317
10	1	7577	355	377	9999	9999	329	347	282	284	339	347	222	222	103	103	126	126	186	200	315	317
10	2	7578	357	366	287	287	329	339	278	278	339	339	222	231	103	103	126	126	186	200	308	317
10	3	7579	349	352	299	299	329	329	284	286	339	371	222	233	103	103	126	126	186	200	308	321
10	4	7580	353	355	9999	9999	329	331	305	307	339	339	222	222	103	103	126	126	186	200	308	319
10	5	7581	343	349	9999	9999	325	329	286	286	339	342	222	231	103	103	126	126	186	200	290	308
10	6	7582	352	355	9999	9999	329	335	290	291	339	349	222	233	103	103	126	126	186	200	308	317
10	7	7583	353	355	9999	9999	331	343	290	291	339	349	222	223	103	103	126	126	194	200	308	317
10	8	7584	348	349	9999	9999	331	339	265	288	339	349	222	233	103	103	126	126	186	200	315	317
11	1	8659	383	390	278	315	343	348	280	286	347	347	222	222	97	127	126	126	200	208	311	313
11	2	8660	352	369	289	293	343	347	293	295	339	347	222	222	96	115	126	126	208	208	317	317
11	3	8661	352	357	294	315	329	329	276	291	9999	9999	222	222	103	103	126	129	194	202	297	330
11	4	8662	357	377	301	336	331	337	295	297	349	375	222	233	97	127	126	129	190	208	308	317
11	5	8663	352	373	322	325	335	337	276	291	349	353	233	240	103	103	126	126	200	200	311	315
11	6	8664	352	352	289	309	337	337	291	293	367	369	222	222	97	123	126	129	190	196	304	308
12	1	8689	366	367	289	304	329	337	278	280	339	339	222	244	103	133	126	132	186	194	313	334
12	2	8690	367	383	289	291	331	337	278	280	337	355	222	233	103	103	126	126	194	200	304	308
12	3	8691	352	383	297	298	337	343	278	278	341	341	222	231	103	123	126	126	188	198	317	317
12	4	8692	352	359	289	318	339	343	288	295	339	343	222	222	97	103	126	129	204	204	308	332
12	5	8693	352	367	304	308	343	348	290	291	341	341	222	222	103	107	126	126	188	206	317	325
12	6	8694	349	352	293	308	335	343	290	291	339	345	222	222	103	105	126	126	194	200	308	317
12	7	8695	349	383	289	293	337	337	263	265	349	369	222	222	103	103	126	126	188	194	308	319
12	8	8696	355	355	289	293	329	348	280	280	353	353	222	222	103	103	126	126	188	188	308	313
13	1	8952	349	352	293	317	341	343	274	274	334	347	220	229	99	109	126	129	198	200	319	328
13	2	8953	349	349	315	317	339	341	286	305	347	347	222	222	105	105	126	129	196	210	319	319
13	3	8954	349	353	293	321	331	339	274	274	347	347	225	240	103	103	126	129	190	210	308	319
13	4	8955	352	367	304	307	333	343	299	301	363	365	240	242	103	105	126	126	196	206	319	330
13	5	8956	352	380	299	319	325	329	282	284	353	369	222	229	101	105	126	126	200	200	308	319
13	6	8957	352	357	285	293	329	331	288	290	339	339	223	233	103	103	126	129	196	204	317	319
13	7	8958	369	387	291	293	329	339	278	282	353	355	222	222	103	103	126	129	198	208	311	319
13	8	8959	352	367	311	313	327	337	284	286	349	357	233	242	103	103	126	129	196	196	304	334
14	1	8976	355	367	295	301	333	337	301	305	337	337	231	244	103	103	126	126	206	210	317	328
14	2	8977	357	367	294	318	329	339	278	278	349	349	233	236	103	103	126	126	200	200	308	317
14	3	8978	349	367	278	303	329	341	291	293	353	357	222	222	103	109	126	126	186	208	317	319
14	4	8979	353	367	295	338	331	335	9999	9999	343	349	222	229	103	105	126	126	184	184	308	317
14	5	8980	355	357	319	321	335	341	301	303	343	351	222	229	103	111	126	132	184	184	308	319
14	6	8981	9999	9999	327	338	337	343	278	290	347	347	222	222	103	103	126	126	184	196	308	317
14	7	8982	355	385	287	338	335	341	265	265	339	343	222	229	103	103	126	126	208	208	308	317
14	8	8983	367	390	315	317	333	343	278	282	337	353	222	242	103	115	126	126	196	204	317	319
15	1	AA38	355	390	311	317	335	343	301	303	357	385	222	222	103	103	126	126	228	228	308	315
15	2	AA39	349	367	295	301	329	331	280	280	339	339	222	240	97	127	129	129	200	233	315	317
15	3	AA40	352	357	285	289	329	333	295	297	371	379	222	231	103	127	126	126	192	208	317	319
15	4	AA41	353	377	293	295	331	335	272	272	341	347	222	238	103	105	126	126	188	196	311	332
15	5	AA42	379	380	283	299	329	333	288	290	337	343	222	236	101	113	126	126	192	192	306	315
15	6	AA43	357	384	301	303	333	347	278	280	339	347	222	240	99	113	126	129	208	216	315	317
15	7	AA44	353	396	299	314	329	331	295	297	347	347	231	240	97	123	126	129	231	231	315	317
15	8	AA45	375	388	278	290	329	343	265	266	9999	9999	233	233	109	109	126	129	194	206	313	328
16	1	AA80	349	355	285	289	331	339	276	291	349	349	222	222	103	105	126	126	188	194	315	317
16	2	AA81	353	390	289	303	331	337	274	295	339	349	222	225	103	103	126	126	190	190	317	319
16	3	AA82	352	379	307	314	335	339	274	311	339	357	222	222	103	103	126	126	188	188	315	317
16	4	AA83	9999	9999	301	303	329	339	272	272	339	339	222	236	103	133	126	126	188	192	319	332
16	5	AA84	349	379	278	289	337	347	288	297	339	339	222	233	103	105	126	126	192	194	315	317
16	6	AA85	349	349	303	317	329	347	272	293	339	379	222	224	103	105	126	132	192	192	308	319
16	7	AA86	353	355	280	280	331	343	282	282	339	339	222	224	103	109	126	126	192	198	315	317
16	8	AA87	377	387	289	321	331	333	291	293	339	339	222	222	103	109	126	126	190	200	308	315
17	1	AB05	377	398	287	289	329	329	288	290	351	353	233	238	103	103	126	126	192	208	319	321
17	2	AB07	352	381	293	297	329	339	272	272	367	369	222	233	99	109	126	126	188	188	311	319
17	3	AB09	352	377	283	294	329	339	291	293	357	363	222	229	103	117	126	126	190	190	317	317
17	4	AB10	369	383	298	298	335	335	272	272	347	347	222	233	103	103	126	126	194	214	317	330
17	5	AB11	352	390	298	317	335	337	284	293	339	339	225	233	103	103	126	129	186	194	308	313
17	6	AB12	349	349	291	304	333	341	295	297	339	345	222	233	103	103	126	126	190	206	315	319
18	1	AB29	352	352	291	303	331	347	280	280	351	377	233	240	103	129	126	126	190	196	315	328
18	2	AB30	349	355	315	317	335	343	295	297	345	345	222	240	105	105	126	126	192	198	315	317
18	3	AB31	349	388	287	289	339	347	280	280	345	345	231	233	103	103	126	126	186	208	306	330
18	4	AB32	357	379	289	310	329	333	278	284	9999	9999	222	225	97	111	126	126	184	192	315	315
18	5	AB33	348	357	283	340	329	345	291	293	363	363	222	233	101	105	126	129	190	190	295	304
18	6	AB34	364	366	325	327	329	345	280	280	367	369	222	222	103	111	126	126	190	190	304	330
18	7	AB35	349	359	293	302	333	335	278	278	9999	9999	229	229	111	111	129	129	202	202	315	328
18	8	AB36	352	352	289	321	333	333	274	290	9999	9999	222	222	111	126	126	126	212	216	315	317
19	1	AB61	348	381	283	283	329	329	301	303	339	353	222	224	103	103	126	126	190	206	303	315
19	2	AB62	349	381	283	283	333	337	303	305	339	339	222	222	103	105	126	126	216	223	304	318
19	3	AB63	355	381	305	308	329	333	274	276	353	363	222	242	103	103	126	132	192	208	308	330
19	4	AB64	348	353	9999	9999	341	343	263	263	339	369	222	229	103	103	126	132	180	190	308	311
19	5	AB66	9999	9999	287	289	329	343	290	291	339	369	222	238	103	124	126	126	180	200	315	317
19	6	AB67	349	353	283	293	333	347	265	266	339	347	222	224	103	115	126	126	200	206	317	323
19	7	AB68	357	379	283	283	329	333	284	286	339	351	222	233	103	111	126	126	190	190	317	317
20	1	AB93	349	353	311	332	329	333	288	290	339	353	231	233	103	103	126	126	194	204	306	308
20	2	AB94	349	363	293	297	329	339	282	282	339	355	222	233	97	103	126	126	188	200	317	321
20	3	AB95	349	383	285	287	337	352	295	297	339	349	222	233	103	103	126	126	186	190	308	317
20	4	AB96	349	379	9999	9999	329	329	265	276	357	363	222	233	103	133	126	126	196	200	311	319
20	5	AB97	9999	9999	291	293	329	347	290	297	339	351	222	233	103	103	126	126	188	208	311	317
20	6	AB98	353	394	293	295	339	341	290	301	339	339	222	233	103	127	126	126	188	206	315	317
20	7	AB99	352	379	291	293	339	341	290	291	345	363	222	233	103	103	126	126	186	196	308	319
20	8	AC01	353	379	289	332	333	335	272	301	339	345	222	233	103	103	126	126	190	198	308	315
21	1	AC59	349	352	283	326	329	343	280	282	9999	9999	229	231	105	123	126	129	194	202	315	328
21	2	AC60	349	349	280	283	329	329	278	278	359	361	222	229	103	123	126	129	202	212	315	328
21	3	AC62	359	390	289	291	329	333	284	286	347	347	222	236	105	111	126	126	188	194	306	317
21	4	AC63	373	375	283	283	329	343	284	286	335	349	222	236	103	111	126	126	9999	9999	308	318
21	5	AC64	352	402	312	318	348	352	288	293	341	377	231	231	97	115	126	126	200	200	311	319
21	6	AC65	353	369	287	329	339	343	295	297	339	385	229	242	103	103	126	126	198	210	308	317
21	7	AC66	349	377	278	278	331	331	278	278	357	357	222	222	97	115	129	129	194	194	304	315
22	1	AC83	352	361	311	332	341	350	266	266	339	339	231	233	103	117	126	126	188	200	315	317
22	2	AC84	361	377	293	297	345	348	280	282	357	373	222	224	103	109	126	126	200	200	304	317
22	3	AC85	349	355	285	287	341	343	280	280	339	345	222	231	103	103	126	126	188	192	311	315
22	4	AC86	349	398	9999	9999	333	343	291	293	339	361	222	233	103	103	126	126	190	190	304	308
22	5	AC87	349	352	291	293	329	348	295	297	341	349	222	240	103	117	126	132	186	200	311	317
22	6	AC88	352	402	295	295	331	348	280	293	345	361	222	231	103	103	126	126	188	188	308	315
22	7	AC89	352	353	291	293	329	333	263	265	349	357	222	246	103	115	126	126	200	204	321	321
22	8	AC90	373	387	289	329	337	343	291	297	339	359	222	238	103	103	126	126	196	200	315	317
23	1	AE44	352	355	303	319	331	343	290	293	349	369	223	236	101	103	126	126	208	210	308	319
23	2	AE46	352	355	295	309	331	337	278	280	9999	9999	222	222	103	103	126	129	196	202	317	317
23	3	AE47	352	383	293	321	329	329	263	265	355	369	240	240	103	103	129	129	198	206	308	315
23	4	AE48	352	357	293	318	331	341	276	305	371	383	225	233	103	103	126	126	198	200	304	311
23	5	AE49	352	357	316	322	333	337	295	303	343	361	222	244	97	131	126	126	196	196	308	308
23	6	AE50	353	384	295	340	331	343	293	295	355	355	222	231	101	101	126	126	206	214	319	330
23	7	AE51	349	353	293	295	331	343	286	295	355	377	222	223	105	105	126	129	200	206	315	315
24	1	AE76	348	353	293	321	331	343	278	278	339	353	222	222	103	117	126	126	190	206	317	330
24	2	AE77	353	385	295	303	329	337	290	291	339	345	222	233	103	123	126	126	186	200	308	311
24	3	AE78	352	355	289	293	331	343	280	282	339	347	222	233	103	133	126	126	196	200	292	317
24	4	AE79	352	353	293	293	331	337	265	278	339	353	222	233	103	103	126	126	186	200	303	317
24	5	AE80	349	357	303	304	329	337	263	265	339	369	222	222	103	115	126	126	200	206	304	311
24	6	AE81	353	357	283	283	339	347	284	286	341	351	222	244	103	117	126	126	200	208	317	321
24	7	AE82	348	385	342	344	331	337	290	295	339	353	222	222	103	103	126	126	190	200	315	330
24	8	AE83	355	357	302	321	329	337	280	280	339	369	222	233	103	103	126	126	200	206	304	317
25	1	AJ95	349	353	297	316	329	347	272	291	361	363	240	242	97	117	126	126	188	196	317	319
25	2	AJ96	357	359	294	349	333	347	272	276	343	343	229	242	103	105	126	126	196	196	304	304
25	3	AJ97	352	373	278	336	339	350	284	286	339	347	222	233	97	117	132	132	192	198	304	319
25	4	AJ98	349	361	276	278	327	350	278	316	339	339	233	233	103	109	126	132	198	198	315	319
25	5	AJ99	349	349	276	278	329	337	314	316	339	349	222	229	109	109	126	126	196	221	328	330
25	6	AK01	361	377	278	349	333	343	278	278	339	339	233	233	9999	9999	124	124	194	198	315	330
25	7	AK02	353	357	302	309	331	339	286	288	339	339	222	240	97	127	126	129	198	208	311	317
25	8	AK03	349	349	298	301	345	354	280	282	359	361	9999	9999	103	123	129	129	210	212	315	319
26	1	AK28	367	390	307	309	329	341	282	290	339	339	222	233	103	103	126	126	186	196	313	318
26	2	AK29	9999	9999	301	321	329	331	293	295	339	347	222	233	103	113	126	132	194	196	311	319
26	3	AK30	349	369	293	309	329	333	282	288	339	345	222	222	103	113	126	126	188	196	311	319
26	4	AK31	352	355	283	299	333	343	272	274	343	355	222	231	103	115	126	126	186	196	308	311
26	5	AK32	367	369	289	302	329	354	291	305	339	361	222	233	103	103	126	132	190	196	308	315
26	6	AK33	349	357	9999	9999	329	352	282	295	339	361	222	240	103	103	126	126	186	188	315	315
26	7	AK34	369	398	309	319	329	329	272	288	339	339	222	231	103	113	126	132	186	196	311	315
26	8	AK35	348	352	9999	9999	333	333	284	284	339	339	222	231	103	123	126	126	196	196	308	311
27	1	AM73	348	352	283	283	345	347	280	297	353	353	233	233	103	115	126	132	188	188	306	318
27	2	AM74	9999	9999	293	301	341	348	276	276	355	361	231	233	103	107	126	132	188	212	306	317
27	3	AM75	361	361	299	314	331	335	280	301	339	361	222	233	107	115	126	132	186	192	306	318
27	4	AM76	361	371	307	347	331	348	280	284	361	369	222	233	103	115	126	129	186	186	306	318
27	5	AM77	353	361	307	312	329	331	288	290	339	347	222	233	103	103	126	132	186	198	305	318
27	6	AM78	349	349	283	295	347	348	272	284	345	345	229	231	97	121	126	132	192	210	306	318
27	7	AM79	375	385	283	307	329	347	288	290	351	371	222	233	103	115	126	132	188	192	306	318
27	8	AM80	373	380	283	283	333	343	266	278	339	359	222	222	109	115	126	132	188	192	306	306
28	1	AN06	353	353	301	315	329	331	286	295	385	387	224	240	103	129	126	132	188	198	305	316
28	2	AN07	355	355	308	309	329	352	286	288	345	355	222	244	103	103	132	132	194	210	306	313
28	3	AN08	349	349	293	321	331	341	270	270	377	385	222	222	103	124	126	132	180	180	306	317
28	4	AN10	379	384	301	314	329	333	274	274	339	343	222	222	103	103	126	126	194	194	306	318
28	5	AN11	349	375	302	309	341	345	278	278	345	373	222	244	103	129	132	132	188	194	306	317
28	6	AN12	349	361	283	289	333	337	303	305	343	343	231	244	101	103	126	132	188	188	306	306
28	7	AN13	349	352	283	298	331	337	301	303	351	351	222	222	103	121	126	132	188	188	306	317
29	1	AN49	9999	9999	285	287	329	337	272	272	347	347	222	233	103	103	126	132	227	227	303	306
29	2	AN50	352	352	303	308	335	347	284	286	339	345	233	244	97	124	126	129	196	210	306	317
29	3	AN51	9999	9999	299	304	329	333	297	301	343	383	225	242	103	103	126	132	186	188	306	306
29	4	AN52	9999	9999	304	312	333	333	282	286	347	349	220	224	103	103	126	132	188	192	306	306
29	5	AN53	352	353	283	294	331	347	288	295	339	339	229	236	103	103	126	132	186	188	306	317
29	6	AN54	349	352	283	294	329	337	272	272	9999	9999	233	242	101	103	126	132	192	196	306	317
29	7	AN55	369	369	278	283	339	343	290	295	367	369	229	244	103	103	126	132	186	188	306	317
29	8	AN56	349	369	283	294	329	329	293	295	339	339	233	233	101	107	126	132	186	192	306	316
30	1	AN86	361	363	287	287	331	337	276	299	343	346	222	233	103	117	126	132	186	188	315	318
30	2	AN87	363	367	283	315	333	337	276	299	339	353	222	222	9999	9999	126	126	186	190	303	311
30	3	AN88	367	396	315	321	329	331	276	301	339	345	222	222	103	113	126	126	186	186	308	315
30	4	AN89	366	367	283	298	331	337	276	286	339	349	222	222	97	103	126	126	186	186	308	311
30	5	AN90	352	379	283	328	329	331	276	299	349	349	222	233	103	127	126	126	198	200	304	307
30	6	AN91	364	396	314	316	329	331	274	297	363	363	222	222	103	115	126	129	190	208	304	306
30	7	AN92	357	359	278	278	331	337	291	299	339	375	222	229	103	109	126	126	196	196	311	315
30	8	AN93	352	380	304	323	331	337	276	301	345	363	222	229	103	103	126	126	188	196	308	317
31	1	AO11	352	369	299	301	329	343	291	301	339	347	225	229	103	117	126	132	200	200	297	306
31	2	AO12	349	367	283	283	329	329	266	291	339	339	222	238	103	109	126	132	192	208	306	311
31	3	AO13	353	369	278	283	329	329	290	291	9999	9999	222	222	103	103	126	132	188	188	305	317
31	4	AO14	357	379	283	305	327	341	307	309	341	341	222	222	97	121	126	129	194	206	306	317
31	5	AO15	9999	9999	283	283	329	341	286	309	367	369	225	233	101	113	126	129	190	194	306	306
31	6	AO16	377	384	290	308	329	339	270	290	339	339	222	225	97	115	126	129	188	190	306	317
31	7	AO17	369	375	283	321	329	339	274	278	353	353	222	236	97	105	126	126	190	192	303	306
31	8	AO18	369	380	283	301	329	329	295	297	351	353	222	223	103	117	126	129	188	190	306	317
32	1	AO28	353	357	278	283	329	343	297	299	343	343	222	222	103	124	126	132	188	188	303	306
32	2	AO29	352	353	283	298	331	331	265	265	361	361	222	233	103	103	126	132	180	180	303	306
32	3	AO30	355	357	293	332	331	339	291	295	339	361	222	222	103	105	126	132	196	206	306	317
32	4	AO31	352	359	315	321	331	337	295	297	355	369	225	233	97	119	126	132	196	202	306	317
32	5	AO32	349	352	311	313	337	339	278	278	349	375	222	222	103	105	126	132	184	184	306	318
32	6	AO33	352	367	289	303	329	339	284	286	349	355	222	240	103	103	126	132	188	188	306	317
32	7	AO34	357	367	295	295	329	331	265	265	339	353	222	233	97	103	129	132	188	188	306	317
32	8	AO35	352	357	293	293	337	343	299	301	343	353	225	233	103	103	126	132	190	206	304	306
33	1	AO60	349	357	298	321	339	343	278	280	341	341	222	231	103	103	126	132	184	186	319	319
33	2	AO61	349	353	289	291	331	337	284	286	349	349	222	229	103	105	126	126	188	188	308	319
33	3	AO62	366	367	293	301	331	337	305	307	341	341	222	222	103	103	126	126	184	202	311	319
33	4	AO63	353	367	291	302	331	333	280	297	339	339	222	233	103	103	126	126	198	202	319	319
33	5	AO64	352	353	302	304	331	337	284	286	369	381	222	222	101	105	126	126	200	206	308	308
33	6	AO65	355	367	338	340	329	337	307	309	337	355	222	222	103	103	126	126	206	208	319	319
33	7	AO66	357	389	291	326	327	333	276	297	339	339	222	222	103	124	126	129	186	188	304	304
33	8	AO67	352	374	298	323	329	337	276	299	339	339	222	222	103	103	126	126	186	188	304	308
34	1	AP04	9999	9999	283	302	329	329	295	297	347	363	233	233	97	117	126	132	188	188	306	317
34	2	AP05	352	366	283	309	333	333	291	295	339	339	222	222	105	107	126	126	188	196	306	317
34	3	AP06	9999	9999	283	309	333	343	291	291	339	339	222	222	97	105	126	132	188	188	305	317
34	4	AP07	353	387	305	309	321	325	280	280	341	341	222	240	97	105	126	129	194	206	306	306
34	5	AP08	353	357	283	287	329	333	309	311	339	345	222	229	99	109	126	132	188	202	306	317
34	6	AP09	352	353	318	322	321	331	293	295	361	371	229	229	101	103	126	126	186	194	306	317
34	7	AP10	353	353	283	290	329	331	291	309	361	363	222	229	105	109	126	132	186	194	306	317
34	8	AP11	9999	9999	289	299	329	329	288	290	341	367	222	222	103	105	126	129	186	186	306	317
35	1	AP86	349	355	299	301	329	329	265	266	347	347	225	225	103	123	126	132	186	198	306	317
35	2	AP87	379	379	283	301	329	339	278	311	347	347	240	242	103	109	126	132	192	192	304	306
35	3	AP88	9999	9999	305	323	329	339	276	276	347	347	229	233	103	107	126	132	192	192	306	316
35	4	AP89	352	352	323	326	331	339	278	278	349	349	222	233	103	111	126	132	196	210	306	318
35	5	AP90	349	367	302	313	327	331	290	291	349	351	222	233	103	107	126	132	186	192	306	317
35	6	AP91	367	367	302	313	331	339	278	278	339	347	231	233	103	107	126	132	186	188	305	316
35	7	AP92	9999	9999	281	283	329	331	278	291	355	355	229	233	103	107	126	132	186	192	306	306
36	1	AQ12	352	381	283	293	331	335	276	278	339	347	222	222	103	123	126	126	192	198	308	317
36	2	AQ13	375	380	278	293	331	337	276	278	337	343	222	236	103	107	126	132	196	212	304	308
36	3	AQ14	381	384	278	278	333	333	276	278	339	353	222	223	103	103	126	126	188	196	308	317
36	4	AQ15	352	384	291	302	331	337	276	301	339	357	222	222	103	111	126	126	188	192	306	308
36	5	AQ16	352	356	293	293	331	337	272	274	339	339	222	222	103	103	126	126	184	184	311	319
36	6	AQ17	353	373	302	302	331	337	278	284	351	351	222	222	103	111	126	126	192	194	308	319
36	7	AQ18	349	380	297	302	331	339	276	290	339	361	222	222	103	107	126	126	192	196	308	308
36	8	AQ19	349	383	291	297	331	337	276	278	339	339	222	222	103	103	126	126	206	208	308	317
37	1	AV96	353	353	283	299	329	335	307	309	339	371	222	236	97	103	126	132	184	188	306	306
37	2	AV97	361	364	278	283	329	335	278	278	339	339	231	242	97	105	126	132	194	204	306	306
37	3	AV98	361	361	310	327	331	335	311	314	339	371	229	231	97	121	126	132	184	184	303	306
37	4	AV99	353	355	283	301	329	333	272	274	363	365	233	233	97	105	126	132	190	190	305	311
37	5	AW01	9999	9999	302	326	329	329	307	309	345	357	222	231	103	103	126	129	184	192	306	316
37	6	AW02	9999	9999	297	317	329	341	265	266	339	345	225	233	97	133	126	129	186	186	306	306
37	7	AW03	9999	9999	295	310	329	348	270	299	361	377	222	236	97	103	126	126	188	188	304	317
37	8	AW04	9999	9999	301	304	337	343	291	291	357	365	222	233	109	109	126	129	186	186	305	317
38	1	AW29	9999	9999	283	299	335	343	307	309	337	353	231	236	97	119	126	132	188	188	304	306
38	2	AW30	349	349	281	283	337	337	278	297	337	357	222	236	103	107	126	132	187	194	303	305
38	3	AW31	361	361	283	294	343	345	266	278	339	339	236	236	97	123	126	132	188	192	303	311
38	4	AW32	355	361	294	316	345	347	307	309	355	365	225	231	103	105	126	129	198	204	306	311
38	5	AW33	348	357	278	299	329	337	278	280	363	365	236	244	97	103	126	132	188	188	306	311
38	6	AW34	353	355	308	308	329	347	278	278	339	339	231	231	103	103	126	132	188	188	306	318
38	7	AW35	9999	9999	294	315	337	337	265	266	341	345	233	236	103	107	126	129	186	188	306	317
38	8	AW36	9999	9999	309	312	343	347	272	305	341	341	229	233	103	115	126	132	186	192	306	315
39	1	AW61	355	366	299	313	327	343	297	299	347	351	229	229	101	105	126	132	186	188	305	318
39	2	AW62	349	355	298	342	333	333	278	278	349	349	231	240	97	124	126	129	190	190	304	306
39	3	AW63	357	366	315	317	329	343	290	297	349	377	222	222	101	103	126	126	186	186	305	317
39	4	AW64	355	367	283	308	327	331	291	293	346	355	228	233	103	105	126	129	198	216	306	317
39	5	AW65	355	355	291	297	331	339	293	295	351	351	222	229	103	103	126	129	208	212	306	317
39	6	AW66	352	352	309	315	333	339	288	297	349	351	222	233	97	137	126	129	188	208	306	317
39	7	AW67	352	367	283	293	331	331	288	297	339	351	222	229	101	135	126	126	190	198	306	317
39	8	AW68	355	367	283	309	331	333	297	299	339	339	231	231	103	109	126	126	190	212	304	306
40	1	AW92	349	349	294	308	341	360	270	276	339	345	222	222	109	111	126	126	190	190	311	311
40	2	AW93	367	371	283	283	329	331	276	301	339	357	222	229	99	107	126	126	188	202	315	317
40	3	AW94	357	369	289	289	331	335	299	301	361	377	222	222	103	124	126	126	190	190	313	315
40	4	AW95	358	364	301	318	331	341	276	290	339	353	222	222	107	117	126	132	196	196	304	315
40	5	AW96	373	374	291	315	331	337	276	278	339	355	222	222	97	111	126	126	190	194	303	311
40	6	AW97	357	381	291	291	331	333	276	301	347	353	222	231	103	119	126	126	198	200	308	317
40	7	AW98	352	352	278	278	329	331	276	286	345	349	222	222	103	111	126	126	200	202	315	321
40	8	AW99	367	377	298	307	329	331	276	286	339	353	222	222	97	103	126	126	182	206	308	315
41	1	AX17	349	349	316	318	329	343	265	265	339	339	222	222	103	103	126	132	204	206	306	306
41	2	AX18	9999	9999	312	314	331	341	265	265	339	339	233	233	103	103	126	132	180	196	306	306
41	3	AX19	355	355	302	314	329	329	276	276	339	339	222	236	97	105	126	129	180	180	305	305
41	4	AX20	377	377	314	321	329	331	282	284	341	385	222	222	105	105	126	132	180	190	306	306
41	5	AX21	355	384	297	319	331	331	295	297	339	339	222	222	103	121	126	132	188	192	306	317
41	6	AX22	355	387	293	321	329	331	272	280	349	349	222	231	103	103	126	132	186	192	306	306
41	7	AX23	361	375	287	314	331	333	280	280	339	387	222	222	103	105	126	132	186	192	306	317
41	8	AX24	9999	9999	301	301	329	331	266	291	391	392	222	233	103	103	126	132	186	192	303	306
42	1	AX35	359	361	276	276	331	339	276	276	339	339	225	225	97	131	126	132	186	198	321	323
42	2	AX36	353	355	311	317	329	337	282	284	347	349	222	242	103	105	126	126	188	204	323	332
42	3	AX37	389	390	309	311	333	341	280	282	345	345	222	222	103	115	126	126	204	214	317	332
42	4	AX38	349	377	276	314	329	331	299	301	337	353	222	231	103	105	126	126	186	204	317	323
42	5	AX39	349	353	293	293	337	339	278	293	339	339	222	222	97	103	126	126	186	196	304	308
42	6	AX40	352	390	291	291	331	337	276	297	339	357	222	236	103	113	126	126	192	194	315	323
42	7	AX41	367	369	283	315	331	337	276	301	343	357	222	222	103	105	126	126	186	190	315	323
42	8	AX42	355	369	308	308	329	331	276	291	343	343	222	222	103	113	126	126	186	188	311	315
43	1	AX79	9999	9999	281	283	329	341	278	286	339	365	240	244	103	105	126	132	188	188	306	317
43	2	AX80	357	375	281	283	331	337	265	265	349	349	233	236	97	117	126	132	192	208	306	318
43	3	AX81	373	377	283	293	329	331	274	274	339	339	233	240	101	117	126	132	202	202	306	315
43	4	AX82	357	379	314	317	329	337	301	303	345	345	224	224	103	117	126	132	221	221	306	317
43	5	AX83	379	379	283	314	329	333	288	303	339	345	225	225	103	105	126	132	198	221	306	317
43	6	AX84	9999	9999	283	301	329	329	263	265	345	345	231	231	97	123	126	132	186	196	306	306
43	7	AX85	373	373	299	301	329	339	265	265	363	365	222	231	97	123	126	132	188	221	306	317
44	1	AY12	349	352	287	297	333	333	286	295	337	339	222	233	103	103	126	126	186	188	308	308
44	2	AY13	349	352	287	316	331	339	274	274	371	373	222	229	103	115	126	126	186	188	308	317
44	3	AY14	9999	9999	287	299	331	343	268	268	353	373	222	231	103	105	126	129	184	184	308	317
44	4	AY15	349	356	287	299	331	339	268	268	371	373	222	229	103	115	126	129	186	186	308	317
44	5	AY16	349	353	287	299	339	341	295	311	353	373	222	222	103	105	126	129	186	188	308	317
44	6	AY17	349	373	287	293	339	343	286	295	367	373	222	233	103	129	126	132	186	208	308	317
44	7	AY18	349	366	293	323	331	339	268	268	371	373	222	222	103	115	126	126	188	188	308	317
44	8	AY19	9999	9999	283	287	329	337	265	265	373	377	222	229	103	126	126	126	180	180	308	317
45	1	AY27	367	389	287	299	327	329	282	282	9999	9999	222	233	97	97	129	129	198	210	308	308
45	2	AY29	353	385	278	278	329	329	265	265	9999	9999	222	222	97	115	126	129	202	210	311	317
45	3	AY31	348	352	317	319	327	337	297	299	9999	9999	222	233	99	107	126	129	210	210	308	317
45	4	AY32	349	380	287	291	329	339	282	282	339	339	222	231	103	103	126	126	194	210	308	308
45	5	AY33	349	353	287	299	329	343	274	274	357	357	222	233	103	105	129	129	208	210	308	317
46	1	AY70	349	352	304	316	325	331	290	291	339	345	222	240	103	103	126	126	188	200	308	318
46	2	AY71	349	353	283	283	329	331	274	290	345	345	222	233	103	103	126	126	186	188	308	317
46	3	AY72	349	377	305	338	329	333	265	276	339	345	222	233	103	103	126	129	190	194	308	317
46	4	AY73	352	357	317	317	329	341	290	291	385	387	222	229	103	103	126	129	180	190	308	317
46	5	AY74	349	352	9999	9999	329	333	270	270	341	341	222	229	105	105	126	126	186	188	303	317
46	6	AY75	352	373	285	314	333	341	290	291	339	379	222	229	97	127	126	129	186	186	308	317
46	7	AY76	352	375	278	278	333	337	290	291	339	339	222	233	97	105	126	126	196	196	308	317
46	8	AY77	349	352	318	321	345	345	305	307	357	357	222	231	97	105	126	126	180	208	308	317
47	1	AZ03	377	379	287	299	329	347	297	303	339	339	222	231	103	105	126	126	184	196	303	308
47	2	AZ04	359	367	287	297	329	329	9999	9999	343	361	222	231	97	105	126	126	196	212	290	308
47	3	AZ05	349	361	278	287	343	347	297	299	337	357	222	233	103	103	126	126	190	218	303	306
47	4	AZ06	352	353	283	287	329	333	266	284	357	357	222	229	103	105	126	129	186	200	303	308
47	5	AZ08	349	355	287	308	350	352	274	293	339	339	222	244	101	101	129	129	188	196	308	317
47	6	AZ09	352	353	287	299	335	347	293	295	343	343	222	233	97	107	126	129	194	218	308	317
47	7	AZ10	361	387	287	301	329	333	266	268	363	363	222	233	103	103	126	126	186	186	308	317
48	1	AZ19	349	349	283	291	329	329	274	293	347	349	222	233	103	103	126	126	186	192	308	317
48	2	AZ20	348	380	285	299	333	337	272	272	347	347	222	233	103	103	126	126	188	212	308	317
48	3	AZ21	352	359	287	293	329	333	276	286	355	355	222	233	105	105	126	126	186	198	308	317
48	4	AZ22	349	352	289	317	333	354	272	303	339	339	222	233	103	105	126	129	188	192	304	319
48	5	AZ23	353	380	278	278	329	337	265	266	349	357	222	229	97	105	126	126	198	200	303	317
48	6	AZ24	352	377	287	299	333	345	280	280	9999	9999	222	233	103	103	126	126	198	212	308	317
48	7	AZ25	348	352	285	317	341	354	291	291	353	353	222	233	97	103	132	132	180	186	308	317
48	8	AZ26	388	390	310	319	329	339	305	307	357	357	222	236	97	123	126	126	192	192	308	317
49	1	BF11	353	384	283	291	339	350	274	274	339	345	222	233	103	121	126	126	188	190	308	313
49	2	BF12	349	374	283	283	331	339	274	276	347	347	222	233	103	121	126	126	188	190	311	313
49	3	BF13	352	355	294	294	327	331	293	301	339	355	222	222	103	103	126	126	186	188	304	319
49	4	BF14	349	355	294	313	331	337	274	276	341	347	222	222	103	103	126	126	186	186	303	317
49	5	BF15	366	377	294	297	329	335	266	278	347	357	222	222	103	105	126	126	186	186	315	319
49	6	BF16	369	383	294	304	331	337	276	301	345	345	222	242	103	103	126	126	188	200	311	319
49	7	BF17	385	387	9999	9999	329	329	276	280	351	353	222	233	103	103	126	126	186	188	311	311
49	8	BF18	383	394	294	307	331	337	276	293	339	353	222	233	126	126	126	126	194	202	311	311
50	1	BE78	385	387	297	304	329	331	276	295	339	375	222	233	103	105	126	132	186	188	311	328
50	2	BE79	349	367	299	299	331	337	276	301	375	375	222	222	103	103	126	126	186	186	292	308
50	3	BE80	352	367	298	321	337	337	276	299	353	361	222	222	103	105	126	126	186	190	315	317
50	4	BE81	374	402	278	278	329	329	276	295	355	355	222	222	103	103	126	126	196	198	308	308
50	5	BE82	373	374	318	321	331	348	276	282	349	349	222	222	103	103	126	126	188	200	315	330
50	6	BE83	355	366	293	315	329	329	276	293	339	349	222	229	119	133	126	126	210	223	317	317
50	7	BE84	348	384	289	311	329	329	276	293	347	347	222	233	103	115	126	126	187	212	308	308
50	8	BE85	349	353	9999	9999	329	331	278	286	345	355	222	222	105	113	126	126	186	204	303	317
52	1	BJ87	353	353	313	323	329	343	268	288	339	339	222	233	97	103	126	126	188	188	308	311
52	2	BJ88	364	371	293	302	335	347	291	299	353	353	222	233	97	103	126	126	188	192	308	321
52	3	BJ89	353	396	295	295	329	345	278	301	339	339	222	229	103	103	126	126	196	196	315	317
52	4	BJ90	383	384	311	312	345	345	9999	9999	349	353	222	231	103	103	126	126	208	210	311	311
52	5	BJ91	352	371	325	327	329	329	290	293	357	359	222	233	103	103	126	126	196	210	308	317
52	6	BJ92	353	394	303	309	329	329	291	293	339	345	222	224	103	111	126	129	186	200	303	317
52	7	BJ93	353	380	303	307	329	343	276	276	361	369	222	233	115	121	126	126	180	194	311	317
52	8	BJ94	384	392	9999	9999	335	352	295	297	369	371	222	224	97	103	126	129	180	192	308	317
53	1	BK19	371	377	283	315	329	331	276	299	339	339	222	233	103	123	126	126	186	188	290	308
53	2	BK20	349	349	283	297	331	337	276	278	339	353	222	222	103	103	126	126	186	188	308	317
53	3	BK21	352	356	294	321	329	335	276	278	339	353	222	222	103	124	126	126	186	186	308	308
53	4	BK22	352	371	294	302	331	337	290	303	9999	9999	222	229	105	105	126	126	186	186	311	313
53	5	BK23	371	384	315	317	331	339	9999	9999	371	371	222	222	103	124	126	126	186	186	292	321
53	6	BK24	371	383	321	323	335	339	276	299	339	339	222	229	97	103	126	126	186	186	308	317
53	7	BK25	352	384	315	317	329	331	276	282	353	353	222	222	103	103	126	126	186	186	308	317
53	8	BK26	369	371	303	315	331	337	276	276	339	339	222	222	103	109	126	132	186	190	315	317
54	1	BX14	353	355	287	289	329	331	288	288	341	366	222	246	97	113	126	126	186	202	317	321
54	2	BX15	353	355	287	304	329	331	288	288	9999	9999	222	233	101	105	126	126	186	186	311	317
54	3	BX16	353	361	287	295	350	350	295	297	349	363	222	233	97	105	126	126	188	204	306	318
54	4	BX17	352	353	287	304	350	354	265	266	354	354	222	231	105	105	126	126	186	198	306	317
54	5	BX18	352	361	287	299	329	331	266	266	354	363	222	233	103	103	126	132	180	202	303	317
54	6	BX19	9999	9999	287	295	348	367	291	293	358	358	222	244	105	105	132	132	202	218	303	317
54	7	BX20	352	353	287	307	354	354	265	266	356	356	222	244	101	105	126	132	180	200	302	317
54	8	BX21	352	353	287	295	9999	9999	265	265	354	357	222	233	103	105	126	126	180	186	308	317
55	1	BX47	352	353	287	299	331	345	265	266	343	343	222	233	103	103	132	132	186	200	308	317
55	2	BX48	352	353	287	299	329	348	265	266	357	357	222	233	103	107	126	132	186	200	315	317
55	3	BX49	353	378	287	295	333	350	303	305	333	333	222	233	101	107	126	126	200	204	319	319
55	4	BX50	352	353	287	301	333	341	303	305	333	333	222	233	103	103	126	126	204	206	317	319
55	5	BX51	364	377	287	293	331	335	299	318	347	391	222	233	107	107	126	126	206	206	308	317
55	6	BX52	353	378	287	295	354	367	286	288	9999	9999	222	231	107	113	126	126	186	198	303	317
55	7	BX53	352	353	287	307	331	341	276	299	9999	9999	222	233	105	107	126	126	198	200	302	317
56	1	BX70	352	353	287	299	331	348	265	288	333	383	222	236	105	107	126	126	204	206	308	317
56	2	BX71	352	353	287	299	331	350	299	301	359	359	222	236	100	100	124	124	186	192	308	315
56	3	BX72	353	355	287	299	333	343	265	266	351	351	222	240	103	105	126	126	186	186	302	311
56	4	BX73	368	380	287	299	333	367	311	314	353	353	222	233	103	103	126	126	194	206	315	315
56	5	BX74	9999	9999	287	299	343	343	299	301	343	371	222	228	103	105	126	126	196	202	302	317
56	6	BX75	352	353	287	299	369	373	299	301	333	333	222	233	103	105	126	126	184	186	315	319
56	7	BX76	352	353	287	294	350	350	297	305	343	343	222	233	101	103	126	126	198	202	315	317
60	1	20553	353	359	295	295	331	337	278	278	369	369	222	222	103	129	126	126	186	186	315	317
60	2	30618	349	352	309	315	329	329	265	265	341	341	222	222	103	109	126	126	200	206	311	315
60	3	30637	348	357	283	289	337	341	265	265	339	351	222	236	105	109	126	126	9999	9999	319	328
60	4	31060	353	371	289	318	331	335	295	295	339	339	225	233	103	111	132	132	9999	9999	308	315
60	5	31097	353	387	293	302	333	341	278	278	357	357	222	242	103	105	126	126	216	216	306	330
60	6	31347	357	357	316	340	329	331	274	297	339	339	222	222	101	103	126	126	196	206	311	318
60	7	40044	369	381	283	283	329	329	278	278	339	339	222	222	103	109	132	132	186	194	290	311
60	8	40151	349	352	283	283	329	341	265	301	339	355	236	251	101	103	126	129	180	190	290	311
60	9	40388	352	355	316	318	339	341	286	286	339	343	231	251	101	103	129	129	9999	9999	306	311
60	10	40505	349	357	283	317	331	333	290	290	353	361	225	225	103	103	129	129	192	192	303	314
60	11	40846	349	366	293	304	331	343	276	278	339	369	222	233	103	117	126	126	206	208	290	308
60	12	40854	355	355	309	314	337	341	282	288	336	353	222	222	105	109	126	129	204	206	315	317
60	13	41083	355	357	293	309	329	337	290	290	336	349	222	229	117	117	126	129	208	210	317	321
60	14	41106	352	377	310	326	331	331	293	293	349	355	222	233	109	115	129	129	188	204	308	315
60	15	41145	349	357	305	305	331	350	291	291	339	347	222	233	109	119	129	129	180	188	291	319
60	16	41182	355	367	338	340	329	337	295	295	349	349	229	240	101	119	126	126	190	190	292	304
60	17	41561	349	377	302	315	331	337	293	295	351	368	222	233	107	109	132	132	9999	9999	304	317
60	18	41591	357	367	301	304	339	347	293	293	357	369	222	229	97	105	126	129	202	202	306	319
60	19	41643	352	357	303	321	331	343	272	272	349	357	222	222	97	127	129	129	9999	9999	315	319
60	20	41689	357	367	307	315	329	341	278	278	339	339	233	233	105	109	126	126	194	202	313	317
60	21	41729	349	377	283	283	331	343	278	278	349	349	233	233	103	103	126	129	190	198	290	306
60	22	41975	9999	9999	305	316	331	333	265	265	359	359	233	233	101	103	126	126	206	216	317	319
60	23	42090	353	357	315	315	331	343	295	295	357	357	222	222	103	109	126	129	196	196	290	308
60	24	42428	349	369	328	328	333	337	286	293	347	354	222	222	111	119	129	129	198	200	317	317
60	25	42449	357	367	318	321	329	341	265	286	343	343	222	222	103	121	126	126	206	216	313	317
60	26	42502	353	367	278	304	329	337	286	293	339	339	222	222	105	124	126	126	9999	9999	315	319
60	27	42535	352	353	304	304	329	337	278	278	343	355	222	231	103	109	126	126	9999	9999	311	315
60	28	42711	348	352	302	308	337	339	299	299	359	363	222	233	101	109	126	129	9999	9999	304	311
60	29	42947	349	349	309	318	335	343	274	274	341	357	222	222	97	123	126	126	9999	9999	308	308
60	30	43157	349	377	278	318	331	339	284	299	349	359	222	222	103	109	126	129	9999	9999	311	319
60	31	70175	361	366	291	308	335	345	276	293	355	357	238	238	103	103	129	132	9999	9999	308	317
60	32	70179	352	383	303	309	341	345	278	280	357	385	222	222	109	117	126	126	9999	9999	290	308
60	33	70190	349	357	305	330	350	350	272	272	349	354	242	242	103	109	126	126	9999	9999	317	330
60	34	70199	361	366	295	314	329	343	301	303	333	371	225	233	105	117	126	126	9999	9999	303	315
60	35	70203	352	383	309	311	331	341	276	295	352	352	222	236	103	109	126	126	9999	9999	311	311
60	36	70220	349	355	301	318	333	343	290	297	341	341	222	222	107	107	126	126	9999	9999	308	313
60	37	70238	379	384	290	290	329	333	278	297	353	353	222	222	111	119	126	129	9999	9999	308	321
60	38	70242	352	353	302	307	333	333	266	266	343	371	222	240	103	109	126	126	9999	9999	306	311
60	39	70246	353	355	295	297	333	343	266	266	333	357	225	225	109	113	126	126	9999	9999	311	315
60	40	70262	348	383	338	340	331	352	278	284	353	355	233	233	109	109	126	126	9999	9999	303	319
60	41	70263	359	369	290	291	339	350	276	278	341	341	219	219	103	121	126	129	9999	9999	290	306
60	42	70267	349	379	328	330	329	333	295	295	353	361	222	222	103	109	126	126	9999	9999	303	317
60	43	70269	349	373	288	309	337	341	316	318	359	365	229	236	103	129	126	126	9999	9999	304	306
60	44	70278	355	380	290	290	329	331	295	295	345	369	233	233	103	126	126	126	9999	9999	317	319
60	45	BY03	352	357	293	309	329	331	276	282	339	353	222	222	105	105	126	126	202	208	317	317
60	46	BY04	355	379	290	319	331	337	290	301	349	357	222	222	101	119	126	129	192	208	311	328
60	47	BY05	348	352	309	312	331	347	278	299	339	357	222	222	103	124	126	126	186	194	317	317
60	48	BY06	357	378	278	315	329	337	278	286	347	347	222	233	103	103	126	126	188	204	317	319
60	49	BY07	352	369	278	278	329	347	276	299	339	369	222	222	103	103	126	129	198	206	315	319
60	50	BY08	367	371	9999	9999	327	343	276	282	351	357	222	222	97	115	126	126	218	218	311	315
60	51	BY09	349	357	307	317	329	329	278	307	339	369	229	229	103	115	126	129	196	206	308	317
60	52	BY10	353	355	305	318	331	331	276	278	339	357	233	244	103	124	126	129	198	225	315	315
60	53	BY11	349	390	278	278	331	337	280	284	345	359	222	244	103	103	132	132	202	204	308	308
60	54	BY12	349	349	9999	9999	331	333	278	297	339	345	222	229	103	103	126	126	206	206	315	317
60	55	BY13	349	353	289	289	331	337	276	278	349	367	222	231	103	103	126	129	186	204	319	319
60	56	BY14	353	377	283	283	329	331	276	299	349	351	222	222	105	105	126	129	186	186	308	315
60	57	BY15	349	367	326	327	329	331	276	297	339	339	222	229	103	103	126	129	188	221	317	330
60	58	BY16	388	390	301	301	331	335	276	295	339	355	231	231	103	103	126	129	194	214	308	319
60	59	BY17	349	349	304	304	329	331	276	297	345	365	233	233	107	121	126	129	186	196	308	308
60	60	BY18	353	374	301	323	339	341	276	295	339	351	222	222	103	105	129	129	218	218	313	317
60	61	BY19	349	352	304	307	331	343	276	278	339	355	222	229	103	105	126	129	206	208	308	317
60	62	BY20	349	359	303	312	331	341	276	278	353	369	222	222	101	103	129	129	186	192	311	313
60	63	BY21	349	356	289	309	331	337	276	278	351	373	222	229	103	103	126	126	190	196	308	317
60	64	BY22	355	380	278	307	329	331	276	299	341	341	223	229	103	103	126	126	188	235	315	330
60	65	BY23	349	357	301	326	329	331	276	301	339	357	222	233	103	105	126	126	202	206	330	334
60	66	BY24	349	349	316	323	331	335	276	299	339	355	222	222	103	103	126	126	202	208	304	304
60	67	BY25	373	390	318	336	325	343	276	280	337	349	222	222	109	109	129	129	208	208	317	328
60	68	BY29	349	359	325	342	331	343	290	295	353	355	222	222	103	117	126	126	206	212	315	330
60	69	BY30	359	393	315	338	331	339	276	299	339	369	222	223	107	107	126	129	208	208	311	319
60	70	BY31	357	385	338	340	333	337	278	290	339	345	222	222	111	115	126	126	188	206	315	315
60	71	BY32	353	355	287	287	337	343	276	295	339	361	222	222	103	126	126	126	190	202	311	311
60	72	BY33	349	355	313	336	329	331	286	295	339	343	222	233	103	109	126	126	198	212	311	317
60	73	BY34	349	353	304	309	331	335	276	301	339	369	222	231	99	109	129	129	196	212	308	317
60	74	BY36	349	377	285	316	341	343	276	301	333	357	222	222	103	103	126	126	188	194	304	328
60	75	BY37	349	352	295	307	337	339	276	303	339	347	229	242	103	123	126	126	206	206	308	311
60	76	BY38	371	377	303	311	335	343	276	299	339	355	231	231	101	133	126	126	190	200	317	319
60	77	BY39	355	357	9999	9999	331	333	276	280	353	355	222	233	103	103	126	129	192	200	319	319
60	78	BY40	349	371	311	349	331	339	284	284	345	353	222	233	103	105	126	126	196	206	308	311
60	79	BY41	349	353	313	315	331	337	276	280	349	349	222	222	103	103	126	126	188	198	317	317
60	80	BY42	352	357	291	303	337	337	276	290	339	369	222	222	103	105	126	126	184	184	319	330
60	81	BY43	352	367	283	283	329	337	284	284	337	353	222	222	97	103	126	132	212	212	317	317
60	82	BY45	349	371	318	318	333	337	276	295	339	349	231	231	103	115	126	126	196	208	308	321
60	83	BY46	349	352	316	318	341	343	276	280	339	353	222	222	103	105	126	126	194	198	308	315
60	84	BY47	349	349	308	315	331	347	274	286	339	353	222	223	101	103	126	129	204	212	313	330
60	85	BY48	349	352	316	318	329	331	295	297	9999	9999	222	233	103	115	126	129	194	204	315	315
60	86	BY49	349	356	293	295	331	333	276	299	339	361	222	231	103	103	126	126	198	198	304	306
60	87	BY50	349	352	278	278	329	335	276	301	339	371	222	231	97	111	132	132	186	194	308	321
60	88	BY51	349	349	347	349	331	333	272	276	353	357	222	244	103	123	126	129	200	204	304	321
60	89	BY52	349	352	303	304	339	341	293	295	339	353	222	222	103	103	126	126	190	194	308	317
60	90	BY53	353	359	323	326	341	347	278	299	339	357	222	233	99	109	126	129	196	210	308	317
60	91	BY54	349	367	314	316	329	331	276	301	339	353	222	240	103	103	126	126	186	216	308	313
60	92	BY55	352	357	308	313	327	339	276	278	339	355	222	233	103	103	126	129	186	190	308	317
60	93	BY56	349	349	278	326	329	350	276	278	339	353	222	229	103	123	126	129	200	206	308	308
60	94	BY57	352	377	299	309	329	343	9999	9999	357	357	222	236	97	124	129	129	204	208	317	321
60	95	BY58	349	384	301	318	333	337	276	299	339	357	222	229	103	132	132	132	206	210	315	319
60	96	BY59	349	357	293	303	337	339	276	299	347	359	222	240	105	133	126	126	184	184	311	311
60	97	BY60	353	357	291	293	329	343	276	301	339	353	231	236	111	131	126	126	192	208	311	317
60	98	BY61	349	352	302	304	329	343	276	301	339	345	222	231	126	129	126	126	196	200	308	319
60	99	BY62	352	357	316	318	333	339	276	280	349	359	222	222	103	111	129	129	190	204	308	315
60	100	BY63	352	356	285	289	329	329	286	295	339	349	233	233	103	103	126	126	184	194	313	313
60	101	BY64	352	379	289	289	337	337	274	274	339	377	222	222	107	107	126	129	192	208	313	317
60	102	BY65	357	359	283	308	331	337	276	299	349	353	233	233	117	127	126	129	188	202	311	315
60	103	BY66	349	359	283	283	333	337	276	282	339	373	231	233	103	124	126	129	188	192	311	319
60	104	BY67	349	353	293	328	339	343	293	295	339	355	222	231	101	103	126	129	196	214	317	317
60	105	BY68	348	355	302	304	333	335	276	278	335	339	229	233	103	103	126	126	204	208	308	315
60	106	BY69	352	353	302	315	335	337	278	301	339	367	222	231	101	109	126	129	188	196	317	317
60	107	BY70	349	355	298	299	329	333	286	295	339	361	222	244	103	103	126	126	204	206	308	321
60	108	BY72	367	383	293	315	329	335	295	297	341	349	231	240	103	103	126	126	208	210	317	317
60	109	BY73	352	355	305	315	329	337	276	299	339	349	222	229	103	103	126	126	194	194	315	319
60	110	BY74	349	367	309	322	331	343	276	278	339	357	9999	9999	103	103	126	126	196	206	291	306
60	111	BY75	349	353	315	318	331	337	276	301	339	345	222	231	103	103	132	132	188	194	304	319
60	112	BY76	349	355	287	295	331	337	276	286	337	339	222	222	97	107	126	126	196	198	315	317
60	113	BY77	349	352	303	340	337	337	295	295	339	353	222	233	97	127	126	126	206	206	311	315
60	114	BY78	349	352	303	307	333	343	276	301	339	353	229	229	103	131	129	129	204	216	308	315
60	115	BY79	367	377	302	307	329	337	301	303	339	345	222	222	103	103	126	129	196	206	319	319
60	116	BY80	349	356	307	309	329	337	276	297	337	339	222	236	103	103	126	129	180	208	313	317
60	117	BY81	385	387	321	322	329	331	276	280	339	349	222	244	103	111	126	126	198	208	308	315
60	118	BY82	349	349	316	318	331	337	276	278	339	369	222	222	105	105	126	126	208	208	308	308
60	119	BY85	348	352	299	301	329	331	274	276	339	339	222	222	101	105	126	126	186	206	315	315
60	120	BY86	349	349	278	317	329	329	272	276	337	351	222	222	103	105	126	126	188	210	308	315
60	121	BY87	349	349	307	328	331	331	274	274	339	355	229	233	103	103	126	129	196	206	317	330
60	122	BY88	355	357	295	301	329	329	276	284	339	375	222	229	103	105	126	126	208	216	311	317
60	123	BY89	352	353	313	342	331	337	276	295	343	369	222	222	97	101	126	126	208	239	317	319
60	124	BY90	349	352	278	311	329	335	274	276	339	371	222	231	97	111	132	132	186	194	308	321
60	125	BY91	352	357	9999	9999	327	331	276	280	339	341	222	233	103	115	126	129	196	208	317	321
60	126	BY92	349	352	278	289	337	343	276	295	339	369	231	231	103	109	126	129	194	212	9999	9999
60	127	BY93	349	353	302	328	329	337	276	288	339	349	222	222	109	109	126	129	188	196	317	317
60	128	BY94	349	349	293	310	333	347	276	299	339	345	222	222	103	103	126	126	196	200	311	319
60	129	BY97	349	355	313	341	331	348	272	295	339	339	222	233	103	103	126	126	188	208	313	319
60	130	BY99	349	369	304	309	331	337	276	297	339	345	222	222	103	111	126	132	188	192	311	319
60	131	BZ01	355	357	313	352	331	343	276	297	359	367	222	229	103	111	126	126	188	196	315	319
60	132	BZ02	352	355	293	294	329	331	276	293	347	369	222	222	109	111	126	126	235	239	315	319
60	133	BZ03	349	352	278	297	331	337	268	274	339	345	222	222	97	105	126	129	186	188	315	319
60	134	BZ04	349	353	291	293	331	343	301	303	339	345	222	222	117	123	126	132	190	190	311	328
60	135	BZ05	353	371	299	315	331	343	268	284	339	357	222	222	103	111	126	126	192	200	319	321
60	136	BZ06	9999	9999	297	305	331	337	276	278	334	347	222	222	109	117	126	126	194	208	317	317
60	137	BZ07	349	349	298	301	331	343	295	297	353	353	222	222	103	119	126	129	194	204	304	317
60	138	BZ08	356	379	315	341	331	343	276	297	339	341	222	222	103	111	126	126	188	200	311	319
60	139	BZ09	353	385	291	305	331	337	276	297	339	351	222	222	103	105	126	129	196	208	315	317
60	140	BZ10	352	353	305	308	331	343	274	276	341	361	222	222	103	119	129	129	190	198	315	317
60	141	BZ32	373	389	304	304	333	337	280	301	369	369	244	244	101	103	126	126	9999	9999	304	317
60	142	BZ33	366	371	312	336	331	343	276	301	349	369	222	222	105	124	129	129	196	206	317	319
60	143	BZ34	357	373	289	299	331	343	272	276	339	361	222	222	97	107	126	129	208	208	308	317
60	144	BZ35	348	352	301	302	331	337	276	301	339	347	222	222	115	121	126	129	190	206	308	338
60	145	BZ36	349	353	285	294	331	337	276	297	349	349	222	222	103	105	126	129	188	190	304	315
60	146	BZ37	349	367	304	335	331	337	276	297	339	353	222	233	99	109	126	126	196	202	315	317
60	147	BZ39	349	357	283	303	343	347	278	278	339	345	222	222	105	111	126	126	196	196	315	317
60	148	BZ40	373	384	321	322	331	343	274	282	349	357	222	233	103	111	126	126	186	208	317	328
60	149	BZ41	352	355	283	298	329	337	276	301	347	355	222	222	103	117	129	132	204	204	317	317
60	150	BZ42	353	371	315	317	331	341	286	288	351	351	222	222	103	111	126	126	196	206	317	317
60	151	BZ43	349	349	293	298	329	343	276	278	339	351	222	233	109	109	126	126	200	206	308	315
60	152	BZ44	352	367	293	345	337	345	299	301	339	369	222	222	103	111	126	129	180	206	315	321
60	153	BZ45	353	367	298	329	329	331	288	295	339	355	222	231	105	111	126	132	200	204	304	317
60	154	BZ46	348	353	318	321	331	343	278	280	349	353	222	240	101	109	126	129	186	186	315	319
60	155	BZ47	349	349	313	315	331	343	276	278	339	349	222	222	103	111	129	129	186	210	308	311
60	156	BZ48	355	357	305	316	331	343	284	309	339	355	222	231	105	111	126	129	196	196	308	315
60	157	BZ49	349	352	304	326	329	331	276	278	341	361	222	222	97	101	126	129	198	198	317	317
60	158	BZ50	353	355	303	315	329	335	278	299	347	347	222	222	105	111	126	129	186	206	292	308
60	159	BZ51	348	352	299	319	331	343	276	278	339	353	222	231	103	103	126	126	198	200	308	313
60	160	BZ52	349	384	283	289	329	331	276	286	339	347	222	222	105	111	126	129	196	196	319	319
60	161	BZ53	349	352	318	335	331	337	297	299	341	341	222	222	103	111	126	129	184	210	292	317
60	162	BZ54	349	353	301	303	329	331	276	297	339	353	222	222	107	111	126	126	186	210	308	317
60	163	BZ56	349	352	9999	9999	331	331	276	278	339	343	222	222	103	111	126	132	204	208	306	316
60	164	BZ57	353	377	293	303	331	335	276	282	341	359	222	222	103	111	129	129	186	188	308	315
60	165	BZ58	349	349	303	304	331	343	278	297	339	369	222	222	101	123	126	129	194	210	317	319
60	166	BZ59	367	383	293	315	331	341	278	280	339	369	222	222	103	111	126	129	204	204	304	319
60	167	BZ60	349	357	287	318	331	343	276	276	339	361	222	222	103	111	126	132	196	202	313	317
60	168	BZ61	349	361	301	301	331	343	276	297	337	363	222	233	99	109	126	129	188	206	317	317
60	169	BZ62	352	369	326	344	329	331	276	299	339	345	222	222	103	111	126	129	188	198	303	319
60	170	BZ63	348	349	293	294	329	331	278	293	339	369	222	222	111	123	126	129	186	214	317	317
60	171	BZ64	349	352	293	295	329	331	276	301	339	357	222	222	105	111	126	126	196	202	313	317
60	172	BZ65	358	367	283	331	331	343	293	295	339	353	222	222	103	123	126	126	186	198	315	319
60	173	BZ66	353	389	297	313	329	331	290	293	339	373	222	222	111	111	126	129	180	180	317	321
60	174	BZ67	352	357	291	293	331	333	297	299	339	371	222	222	109	126	126	132	206	206	315	317
60	175	BZ68	358	367	283	331	337	337	293	295	339	353	222	222	123	123	126	132	186	198	315	319
60	176	BZ69	349	367	326	328	329	337	276	278	339	347	222	222	103	111	126	132	188	188	308	308
60	177	BZ70	349	352	291	293	329	331	276	288	357	369	222	222	105	111	126	129	188	202	315	317
60	178	BZ71	352	352	316	318	331	343	303	305	339	345	222	222	103	111	126	129	192	196	308	315
60	179	BZ72	349	367	293	313	329	337	272	272	339	341	222	222	105	126	126	126	196	202	9999	9999
60	180	BZ74	373	390	287	287	331	339	282	284	339	343	222	222	103	126	126	126	192	206	319	319
60	181	BZ75	349	353	293	294	329	337	282	290	341	345	222	222	101	111	126	129	196	200	308	317
60	182	BZ76	348	349	297	318	331	331	284	286	339	353	222	222	111	129	126	132	194	216	317	319
60	183	BZ77	349	367	318	321	331	343	276	301	339	353	222	222	105	109	126	129	186	186	315	315
60	184	BZ78	349	352	301	317	331	343	276	299	339	343	222	222	105	111	126	132	202	204	315	317
60	185	BZ79	349	367	283	283	331	343	276	307	339	355	222	222	103	111	126	132	196	204	311	317
60	186	BZ80	349	352	321	341	329	337	278	291	339	352	222	222	103	111	126	132	196	206	317	330
60	187	BZ81	349	359	9999	9999	331	343	280	280	339	339	222	222	103	121	126	129	190	194	311	315
60	188	BZ82	348	381	285	285	331	343	293	295	337	349	222	222	103	111	126	132	196	196	308	317
60	189	BZ83	349	349	293	293	331	337	274	299	339	345	222	222	105	131	126	126	204	206	308	317
60	190	BZ84	375	377	287	289	329	337	276	280	339	361	222	222	111	124	126	132	196	204	308	317
60	191	BZ85	349	367	314	316	331	337	274	276	343	359	222	231	103	103	126	126	196	218	325	325
60	192	BZ86	349	357	299	301	331	331	278	303	336	339	222	222	97	103	126	129	194	196	308	317
60	193	BZ87	349	357	303	304	331	337	278	299	339	351	222	222	97	127	126	132	196	202	311	317
60	194	BZ88	352	367	291	291	329	331	278	286	339	363	222	222	123	123	126	129	194	214	308	315
60	195	BZ89	352	384	305	309	331	343	272	278	339	353	222	222	103	115	126	129	194	196	317	317
60	196	BZ90	349	379	315	323	331	331	276	278	339	349	222	222	103	111	126	129	202	206	315	317
60	197	BZ91	352	353	283	283	331	343	301	303	339	347	222	222	117	131	126	132	196	204	308	315
60	198	BZ92	352	383	283	283	331	337	276	295	339	353	222	222	97	111	126	129	190	190	315	315
60	199	BZ93	352	377	318	321	331	343	282	297	339	347	222	222	103	111	126	129	186	192	304	308
60	200	BZ94	349	352	293	332	331	337	295	297	339	369	222	222	97	124	126	129	186	198	304	317
60	201	BZ95	348	349	302	314	331	337	276	297	339	355	222	222	101	115	126	129	200	200	317	317
60	202	BZ96	373	389	291	293	331	343	278	278	339	353	222	222	103	129	126	126	186	186	317	319
60	203	BZ97	352	357	314	338	331	343	278	295	339	353	222	222	97	109	126	126	200	200	319	319
60	204	BZ98	349	352	301	317	331	337	276	299	339	343	222	222	103	105	126	126	202	204	315	317
60	205	BZ99	352	367	283	283	331	343	284	286	343	349	222	222	103	123	126	132	194	204	317	328
60	206	CA02	352	359	323	326	331	343	278	286	339	339	222	222	103	111	126	132	190	190	308	340
60	207	CA03	380	383	321	338	331	343	299	301	339	339	222	222	103	111	126	129	196	206	308	317
60	208	CA05	349	355	295	305	331	343	278	288	339	353	222	222	105	111	126	129	192	202	315	315
60	209	CA07	355	357	316	323	331	343	276	301	339	357	222	222	105	127	126	126	190	208	311	317
60	210	CA09	357	359	295	307	331	343	276	299	339	341	222	222	103	111	129	129	186	204	308	315
60	211	CA10	348	349	288	308	331	343	293	295	339	361	222	222	97	127	126	132	188	206	304	308
60	212	CA11	349	357	302	310	331	343	295	297	339	343	222	222	111	111	126	126	196	204	317	317
60	213	CA12	349	359	297	316	329	331	276	299	339	367	222	222	103	111	126	126	188	200	317	317
60	214	CA13	348	367	299	318	329	331	274	274	339	363	222	222	105	111	126	126	192	196	304	319
60	215	CA14	352	389	340	342	331	337	278	282	339	353	222	222	101	111	126	129	196	198	308	311
60	216	CA15	353	355	287	318	329	331	276	278	339	347	222	222	103	111	129	132	206	208	325	328
60	217	CA16	9999	9999	283	322	329	331	276	284	339	363	222	222	111	131	126	132	216	218	317	319
60	218	CA18	353	361	314	316	331	343	276	297	339	339	222	233	107	109	126	132	194	202	304	315
60	219	CA19	349	352	280	280	331	331	276	276	339	357	222	233	103	111	126	132	196	196	308	317
60	220	CA20	349	359	297	317	331	331	272	278	349	357	222	229	105	111	126	132	196	196	313	332
60	221	CA21	352	359	307	312	339	339	278	286	341	341	222	222	103	115	126	132	212	218	304	328
60	222	CA22	349	380	302	316	329	343	276	278	341	357	222	222	103	131	126	132	214	214	308	328
60	223	CA23	349	357	304	304	339	345	276	299	353	357	222	222	103	127	126	132	198	202	308	330
60	224	CA24	349	359	338	340	329	331	272	272	339	355	222	222	103	127	126	132	188	212	311	317
60	225	CA25	349	353	304	304	329	331	280	297	339	345	222	222	103	103	126	132	186	190	308	315
60	226	CA26	352	353	316	338	331	337	295	295	339	359	222	229	103	103	126	132	188	188	308	315
60	227	CA27	352	357	316	345	333	337	278	286	347	347	222	222	105	111	126	132	206	206	308	313
60	228	CA28	352	375	310	318	329	329	276	284	339	345	222	222	103	111	126	132	194	223	315	315
60	229	CA29	355	367	298	319	329	331	276	301	339	353	222	222	103	111	126	132	188	192	313	317
60	230	CA30	359	387	278	283	329	331	276	299	339	367	222	229	103	105	126	132	200	200	308	308
60	231	CA31	349	355	317	336	331	337	9999	9999	339	387	222	233	103	111	126	132	194	194	321	321
60	232	CA32	367	378	278	298	329	329	276	278	9999	9999	222	222	103	111	126	132	194	196	311	319
60	233	CA33	349	368	278	278	329	331	280	282	9999	9999	222	233	103	127	126	132	188	198	315	315
60	234	CA34	348	383	301	332	337	341	274	274	355	357	222	222	103	127	126	132	190	200	308	325
60	235	CA35	349	367	278	278	329	331	276	282	339	371	222	233	103	124	126	132	198	212	315	315
60	236	CA36	374	383	289	293	331	343	276	295	339	355	222	222	97	127	126	132	204	206	308	317
60	237	CA37	349	352	291	308	329	331	276	295	339	355	222	231	97	105	126	132	212	216	304	308
60	238	CA38	357	359	315	319	323	329	276	282	339	353	222	222	103	127	126	132	196	208	313	317
60	239	CA39	349	366	9999	9999	331	335	276	293	341	357	222	244	103	103	129	132	188	216	317	317
60	240	CA40	352	355	323	326	331	335	276	288	341	357	222	240	103	103	126	132	214	214	315	317
60	241	CA41	349	349	299	336	331	333	274	276	339	345	222	231	97	105	126	132	190	196	308	317
60	242	CA42	353	355	283	283	331	333	278	284	339	345	222	229	105	111	126	132	188	190	308	317
60	243	CA43	359	366	293	293	333	345	290	291	339	363	222	233	103	111	126	132	186	206	315	317
60	244	CA44	375	377	302	304	329	333	272	276	351	351	222	229	103	107	126	132	196	204	308	328
60	245	CA45	349	353	291	291	331	339	276	278	339	347	222	222	103	111	126	132	190	196	305	317
60	246	CA46	356	356	318	321	9999	9999	288	295	339	345	222	229	103	107	126	132	188	196	308	317
60	247	CA47	353	355	319	321	333	333	288	290	339	345	222	222	103	103	126	132	196	198	308	315
60	248	CA48	349	352	315	321	333	333	276	299	339	353	9999	9999	97	103	126	132	192	206	315	315
60	249	CA49	373	379	291	291	329	333	280	295	339	345	222	238	103	132	126	132	192	204	308	317
60	250	CA50	349	349	303	311	329	339	274	276	339	345	222	222	103	109	126	132	188	192	308	328
60	251	CA51	349	383	303	352	329	331	295	297	345	377	222	233	103	124	126	132	192	192	292	317
60	252	CA52	353	359	283	295	337	343	276	288	345	347	222	238	103	111	126	132	188	190	315	317
60	253	CA53	364	367	309	328	335	339	288	290	339	359	222	242	103	111	126	132	190	206	313	328
60	254	CA54	377	383	291	330	333	339	268	278	339	347	222	229	103	103	126	132	190	196	317	328
60	255	CA55	349	381	283	307	331	345	276	293	359	359	222	240	103	103	126	132	206	216	308	330
60	256	CA56	379	393	311	342	333	337	282	290	339	353	222	222	103	115	126	126	200	212	306	321
60	257	CA57	352	361	311	319	329	333	276	278	339	345	222	233	103	107	126	126	196	202	317	330
60	258	CA58	377	379	311	338	323	331	274	295	339	349	222	222	105	121	126	132	186	200	304	332
60	259	CA59	349	356	283	319	329	341	297	299	339	347	222	222	103	115	126	132	188	192	311	317
60	260	CA60	369	390	278	283	339	339	276	301	339	345	222	229	109	117	126	132	194	200	319	323
60	261	CA61	352	388	297	301	331	335	288	303	339	387	222	231	97	105	126	132	194	214	319	323
60	262	CA62	352	359	297	321	331	341	286	291	355	359	222	224	103	105	126	132	188	190	317	317
60	263	CA63	352	366	297	297	333	341	274	284	339	339	222	222	105	105	126	132	200	200	306	317
60	264	CA64	352	353	294	299	331	337	276	276	349	349	222	233	103	133	126	132	188	188	308	317
60	265	CA65	355	381	297	299	329	341	291	297	339	353	222	231	103	103	126	132	194	196	315	317
60	266	CA66	369	375	294	297	329	331	290	291	345	353	222	222	103	105	126	132	188	190	308	315
60	267	CA68	355	361	291	340	331	331	290	291	339	369	222	233	105	111	126	132	190	190	313	321
60	268	CA69	349	389	291	294	337	337	290	291	339	369	222	222	103	105	126	129	204	204	313	328
60	269	CA70	352	352	293	297	341	341	293	295	339	387	222	222	113	113	126	132	188	198	304	317
60	270	CA71	353	394	307	319	333	337	280	280	345	391	222	229	117	123	126	132	194	202	319	323
60	271	CA73	349	353	312	312	339	350	284	286	345	391	222	229	103	115	126	132	188	202	317	317
60	272	CA74	373	375	312	315	331	331	297	301	341	361	222	233	103	124	129	132	206	206	317	328
60	273	CA76	356	384	293	298	333	343	293	295	339	357	222	222	103	111	129	132	190	198	308	317
60	274	CA77	349	349	345	347	329	331	299	301	337	337	222	222	103	105	129	132	188	188	304	317
60	275	CA78	349	364	283	335	329	333	276	276	339	339	222	240	103	111	126	129	186	206	311	315
60	276	CA79	353	380	287	316	339	343	276	284	339	369	222	233	103	117	126	129	190	196	308	328
60	277	CA80	352	356	283	319	329	329	276	291	341	341	222	229	97	107	126	129	184	184	304	328
60	278	CA82	373	375	298	318	331	331	266	284	357	357	222	229	103	115	126	132	198	212	313	317
60	279	CA83	349	375	310	310	337	337	274	276	337	337	222	222	103	103	126	132	188	192	317	319
60	280	CA85	348	349	278	278	329	331	276	282	339	351	222	229	103	111	126	132	188	204	315	323
60	281	CA86	349	364	278	278	329	331	274	291	339	349	222	238	103	109	126	132	196	196	311	311
60	282	CA87	353	380	291	291	339	354	301	303	339	353	222	222	103	121	126	126	188	204	304	317
60	283	CA88	352	356	285	291	331	350	276	295	339	341	222	222	103	111	126	126	196	202	306	319
60	284	CA89	355	357	287	302	331	343	276	280	339	339	222	229	97	105	126	126	194	218	308	308
