1	1	572.2958.1	132	132	117	120	161	175	279	279	310	310	175	177	191	197	97	97	185	185	132	132	146	163	238	238
1	2	572.2958.3	126	132	120	123	161	161	275	275	310	310	215	223	9999	9999	97	100	185	185	132	135	146	146	238	238
1	3	572.2958.4	126	132	117	123	161	161	275	275	330	334	175	179	197	197	97	97	185	185	126	132	146	159	238	238
1	4	572.2958.5	126	132	117	120	147	161	275	277	310	322	179	223	9999	9999	97	100	185	185	126	135	146	159	238	238
1	5	572.2986.1	126	132	117	123	161	161	275	281	310	312	217	225	191	197	97	97	185	185	132	135	146	151	238	238
1	6	572.2986.2	126	126	117	120	159	159	277	281	310	310	219	225	197	197	97	97	185	185	132	135	146	151	238	238
1	7	572.2986.3	126	126	117	123	161	161	277	281	310	330	175	175	191	197	97	97	185	185	132	132	159	163	238	238
1	8	572.2986.4	126	126	123	123	149	161	275	279	310	310	217	219	195	211	97	97	185	185	132	141	146	159	238	238
1	9	572.3006.1	132	132	117	117	149	161	275	281	310	310	213	219	197	197	97	97	182	185	132	132	151	159	238	238
1	10	572.3006.2	126	132	117	117	161	177	277	277	310	310	175	225	197	213	97	97	185	185	132	135	146	159	238	238
1	11	572.3006.3	126	129	117	120	159	161	275	279	310	334	179	225	9999	9999	97	97	182	185	132	141	146	159	238	238
1	12	572.3006.6	126	132	117	117	161	161	281	281	310	310	217	217	197	197	97	97	185	185	132	132	151	163	238	238
2	1	573.2932.2	129	132	117	117	143	143	9999	9999	310	310	177	213	191	191	97	97	185	185	132	135	141	151	238	238
2	2	573.2932.3	132	132	117	117	167	167	277	279	310	310	213	217	191	197	97	97	185	185	129	135	141	151	238	238
2	3	573.2932.6	126	129	117	117	143	143	9999	9999	310	328	183	213	191	193	97	97	185	185	129	135	141	151	238	238
2	4	573.2932.7	126	129	117	117	143	159	9999	9999	310	328	177	183	191	191	97	97	185	185	129	135	141	151	238	238
2	5	573.3023.3	132	132	117	117	9999	9999	9999	9999	310	310	177	183	191	191	97	97	185	185	132	135	151	151	238	238
2	6	573.3023.6	129	132	117	117	167	167	277	279	310	310	177	213	9999	9999	97	97	185	185	135	135	146	151	238	238
2	7	573.3023.7	129	129	117	117	157	157	277	279	328	328	179	211	191	197	97	97	185	185	135	135	141	151	238	238
2	8	573.3023.8	129	132	117	120	157	167	277	279	322	326	177	211	191	191	97	97	185	185	135	135	141	146	238	238
popK	1	574.2938.1	129	129	117	120	155	159	275	277	312	322	181	211	191	211	97	97	185	185	132	132	146	146	238	244
popK	2	574.2938.2	129	129	117	120	155	159	275	277	312	346	181	209	195	197	97	97	185	185	132	132	146	159	238	238
popK	3	574.2938.3	93	93	120	123	147	159	277	277	310	310	201	207	191	197	97	97	185	185	126	132	146	146	244	244
popK	4	574.2938.7	132	132	123	123	147	175	275	277	310	310	177	201	213	213	97	97	185	185	9999	9999	146	146	244	244
popK	5	574.3004.1	126	132	117	120	149	159	279	281	310	310	179	187	197	215	9999	9999	182	185	129	129	141	151	238	268
popK	6	574.3004.2	129	129	117	123	147	159	277	277	312	322	203	211	191	213	97	97	182	185	132	132	146	146	238	244
popK	7	574.3004.3	132	132	120	123	145	145	279	279	310	312	217	229	9999	9999	97	97	182	185	126	132	146	151	238	244
popK	8	574.3004.4	129	129	117	123	159	159	279	285	312	312	183	183	9999	9999	97	97	185	185	132	132	146	146	238	244
popK	9	575.2945.2	126	129	117	120	157	157	275	275	312	324	215	223	191	207	97	97	185	185	132	132	146	159	238	238
popK	10	575.2945.3	9999	9999	117	117	147	157	275	277	324	324	223	223	191	207	97	97	185	185	132	132	151	159	238	238
popK	11	575.2945.4	9999	9999	117	120	157	157	275	275	324	324	185	203	197	219	97	97	182	185	132	132	146	151	238	240
popK	12	575.2945.8	126	129	120	120	9999	9999	275	275	324	324	225	225	211	217	97	97	185	185	132	132	146	159	238	238
4	1	575.2985.2	126	132	120	120	159	159	275	279	312	322	215	223	191	197	97	97	173	182	132	132	9999	9999	9999	9999
4	2	575.2985.5	129	132	117	120	149	159	275	279	312	318	175	237	197	211	9999	9999	182	185	132	132	146	151	238	238
4	3	575.2985.6	126	132	117	117	159	167	275	275	310	312	179	187	187	211	97	100	185	185	132	132	151	151	238	238
4	4	575.2985.7	126	129	117	117	159	159	275	275	9999	9999	181	181	191	197	97	97	185	185	132	132	146	159	238	238
4	5	575.3001.1	9999	9999	123	123	161	175	275	275	310	312	179	185	9999	9999	97	97	182	185	132	132	146	159	238	244
4	6	575.3001.2	129	129	117	126	159	159	275	279	310	324	179	211	191	197	97	100	185	185	129	132	151	159	240	260
4	7	575.3001.6	126	129	120	123	159	159	279	281	310	310	189	203	9999	9999	97	97	182	185	129	132	151	159	238	260
4	8	575.3001.9	129	132	117	126	161	161	279	281	310	310	203	203	191	191	97	97	185	185	132	138	151	159	238	260
4	9	576.2951.2	126	132	117	117	147	167	275	277	310	310	205	219	197	207	97	100	185	185	132	132	151	159	238	238
4	10	576.2951.4	129	132	117	120	157	167	275	277	310	326	179	205	191	217	97	100	185	185	132	138	151	159	238	238
4	11	576.2951.5	126	135	117	123	9999	9999	275	277	338	346	179	225	193	195	97	100	185	185	132	135	146	146	238	242
4	12	576.2951.7	126	126	117	123	147	147	277	277	326	346	185	185	195	201	97	100	185	185	132	132	146	159	238	238
5	1	576.2982.2	126	129	117	123	149	149	279	281	9999	9999	187	205	187	221	97	97	185	191	132	132	146	159	238	242
5	2	576.2982.6	126	141	117	120	149	149	275	279	310	328	211	219	187	197	97	100	185	185	132	132	151	159	238	238
5	3	576.2982.7	129	132	117	120	159	159	275	279	310	330	175	175	191	197	97	97	185	185	132	138	151	151	238	238
5	4	576.2982.9	126	129	117	120	159	159	277	277	330	346	179	179	197	203	97	100	9999	9999	132	135	146	151	238	238
5	5	576.3010.1	126	129	117	123	159	159	279	281	310	310	203	203	9999	9999	97	97	9999	9999	132	135	146	159	238	242
5	6	576.3010.3	126	129	117	120	159	159	275	279	326	346	9999	9999	191	197	97	100	185	185	132	132	151	159	238	238
5	7	576.3010.4	132	132	117	120	161	161	279	279	328	346	179	179	199	217	97	97	185	185	132	135	151	159	238	238
5	8	576.3010.6	126	126	120	120	161	161	279	279	310	326	179	225	197	199	97	97	185	185	132	132	151	159	238	238
6	1	577.2952.3	129	132	117	123	147	175	275	277	334	334	179	219	195	201	97	100	185	185	132	132	151	151	238	238
6	2	577.2952.4	126	132	123	123	147	157	277	283	322	322	179	199	195	197	97	97	182	185	132	135	151	151	238	238
6	3	577.2952.6	129	132	120	126	147	159	275	279	328	328	199	221	187	195	100	106	182	185	132	132	151	151	238	238
6	4	577.2952.9	126	132	123	123	9999	9999	275	277	326	326	205	225	193	195	97	100	185	185	129	135	151	151	238	238
6	5	577.2980.1	132	132	120	120	9999	9999	275	277	326	334	197	203	197	201	97	97	185	185	132	132	151	151	238	238
6	6	577.2980.5	132	132	117	117	159	159	275	277	9999	9999	179	205	197	197	97	97	173	173	132	132	146	146	238	238
6	7	577.2980.7	129	132	117	117	149	149	279	279	9999	9999	203	221	187	197	97	97	173	182	132	138	146	151	238	238
6	8	577.2980.8	126	129	117	123	9999	9999	9999	9999	322	332	179	189	187	197	100	100	182	185	132	135	151	159	258	258
6	9	577.3000.3	129	129	120	123	159	161	279	279	312	312	205	205	201	201	9999	9999	182	185	132	132	146	159	238	264
6	10	577.3000.5	129	129	117	123	159	161	275	275	312	330	183	183	195	213	97	100	182	185	132	132	146	146	238	244
6	11	577.3000.7	129	129	120	123	159	159	275	275	312	330	183	211	213	213	97	97	182	185	132	132	146	151	238	244
6	12	577.3000.9	126	129	117	123	159	159	275	279	9999	9999	9999	9999	191	195	97	97	185	185	132	132	146	146	238	244
7	1	579.2960.1	126	132	9999	9999	157	157	275	275	308	326	177	179	191	191	97	97	182	185	132	132	146	159	238	264
7	2	579.2960.2	132	132	120	123	161	161	275	277	310	310	179	197	9999	9999	97	100	182	185	129	132	141	146	238	264
7	3	579.2960.6	126	129	117	120	161	161	277	279	310	318	179	197	197	199	97	97	185	185	129	132	151	159	238	264
7	4	579.2960.9	9999	9999	117	123	159	161	275	279	326	326	177	179	199	201	9999	9999	182	185	129	132	151	151	238	238
7	5	579.2987.1	126	132	120	123	159	159	281	281	308	324	179	179	197	197	9999	9999	9999	9999	132	132	146	159	238	238
7	6	579.2987.2	126	129	123	126	175	175	275	279	310	310	179	215	197	199	9999	9999	185	185	129	132	141	151	238	238
7	7	579.2987.3	129	132	120	123	161	161	277	279	310	320	179	197	187	191	97	97	182	185	129	132	141	151	238	238
7	8	579.2987.5	129	132	117	120	173	173	275	277	310	326	179	179	191	197	97	97	185	185	132	132	151	151	238	238
7	9	579.3014.2	126	132	108	123	159	161	275	279	310	310	179	179	199	199	9999	9999	182	182	129	132	146	171	238	272
7	10	579.3014.3	132	132	123	123	175	175	275	275	324	328	211	211	191	217	97	97	185	185	132	138	141	151	238	238
7	11	579.3014.6	126	132	120	123	159	159	279	279	310	310	179	179	201	217	100	100	185	185	129	129	146	167	238	238
7	12	579.3014.7	126	132	123	123	159	161	277	277	318	326	179	179	197	199	97	97	185	185	132	132	151	167	238	238
8	1	580.2946.1	129	129	123	126	147	157	275	275	334	334	179	179	191	201	97	100	185	185	132	132	151	167	238	264
8	2	580.2946.2	129	132	114	123	151	157	275	279	310	310	179	179	191	217	97	100	182	185	129	132	151	167	238	238
8	3	580.2946.7	129	132	123	123	9999	9999	9999	9999	328	334	179	179	191	201	9999	9999	9999	9999	129	132	151	151	264	264
8	4	580.2946.8	126	126	117	120	157	163	277	279	346	346	179	203	191	217	100	100	182	182	132	135	155	159	9999	9999
8	5	580.2988.10	126	129	120	123	165	169	275	279	310	326	203	223	197	217	97	97	9999	9999	132	135	141	146	238	258
8	6	580.2988.6	129	129	117	120	165	169	279	279	310	310	179	215	191	191	97	100	182	185	132	135	151	159	238	238
8	7	580.2988.7	129	129	120	126	147	159	275	281	328	332	179	179	191	201	100	100	185	185	129	132	151	167	238	238
8	8	580.2988.9	129	129	120	123	159	165	273	281	332	346	179	179	191	201	97	100	185	185	132	132	151	159	238	264
8	9	580.3003.4	105	126	120	123	159	159	283	283	310	310	189	189	9999	9999	100	106	182	185	129	129	151	159	238	238
8	10	580.3003.6	126	126	123	123	149	149	279	281	310	310	179	211	191	191	97	100	185	191	129	129	141	151	238	238
8	11	580.3003.8	105	129	117	126	147	147	279	281	310	318	189	201	191	197	97	97	185	185	129	132	159	159	238	260
8	12	580.3003.9	105	126	120	120	159	161	279	279	310	310	187	219	193	197	97	100	185	185	129	129	141	151	238	268
9	1	581.2950.3	105	126	117	120	151	163	277	279	9999	9999	9999	9999	211	215	97	100	185	185	129	129	155	155	238	238
9	2	581.2950.5	126	129	117	117	155	157	277	279	9999	9999	9999	9999	191	215	97	100	182	185	129	129	151	159	280	280
9	3	581.2950.7	123	129	117	120	157	157	277	277	9999	9999	9999	9999	187	215	100	100	185	185	129	129	151	159	238	238
9	4	581.2950.9	105	129	117	117	159	159	277	277	9999	9999	9999	9999	191	215	97	100	185	191	129	129	141	141	238	238
9	5	581.2994.3	126	129	117	120	9999	9999	279	279	310	310	187	187	201	215	100	100	185	191	129	132	151	151	238	238
9	6	581.2994.4	129	129	120	120	147	147	275	277	310	310	179	187	215	215	9999	9999	185	191	132	132	151	151	238	238
9	7	581.2994.6	126	129	120	120	9999	9999	9999	9999	310	310	187	187	191	201	9999	9999	182	185	129	129	151	151	238	238
9	8	581.2994.8	126	129	117	117	165	165	273	279	310	310	179	197	201	215	97	97	185	185	129	132	9999	9999	9999	9999
10	1	582.2940.1	129	129	117	117	161	161	277	277	310	310	183	185	189	213	97	97	182	185	129	132	151	151	238	238
10	2	582.2940.4	126	126	117	120	159	159	277	277	310	310	181	183	197	213	97	97	185	185	129	129	151	151	238	238
10	3	582.2940.6	129	129	117	120	159	159	277	277	310	310	185	187	197	197	97	97	185	185	129	129	151	151	238	238
10	4	582.2940.9	126	129	117	117	147	155	277	277	9999	9999	189	197	9999	9999	97	100	185	185	129	132	141	151	238	238
10	5	582.2989.3	126	129	117	117	155	175	275	279	310	310	189	189	197	215	97	97	182	182	129	129	141	151	238	258
10	6	582.2989.6	126	129	114	117	157	159	277	277	324	328	179	197	191	191	9999	9999	185	185	129	129	151	151	240	240
10	7	582.2989.8	126	129	117	120	161	161	277	279	310	310	185	189	189	197	97	97	182	185	129	132	141	151	238	238
10	8	582.2989.9	129	129	117	120	161	161	277	277	310	310	185	189	215	215	97	100	182	185	129	129	9999	9999	238	238
10	9	582.2999.3	111	129	117	117	159	159	279	281	310	310	191	191	191	191	100	100	185	185	129	132	151	155	238	242
10	10	582.2999.4	129	129	117	126	9999	9999	9999	9999	326	346	189	223	191	217	100	100	182	185	129	132	155	159	238	260
10	11	582.2999.5	129	132	123	126	159	159	279	279	310	346	179	223	9999	9999	100	100	182	185	129	132	159	159	260	260
10	12	582.2999.6	129	129	123	126	159	159	275	279	310	310	189	189	191	217	100	100	185	185	129	132	159	159	260	260
11	1	583.2937.2	132	132	117	123	175	175	9999	9999	310	310	215	215	191	197	97	100	185	185	126	132	146	151	238	238
11	2	583.2937.3	126	129	117	123	153	161	275	279	310	310	197	215	197	203	97	97	182	185	132	132	146	151	238	294
11	3	583.2937.5	132	132	117	123	149	161	275	277	308	346	177	219	191	197	97	97	182	191	126	132	151	151	238	294
11	4	583.2937.8	126	132	123	123	153	161	275	279	310	346	197	221	191	197	97	97	182	185	132	132	146	151	238	294
11	5	583.2998.1	123	123	117	117	159	161	279	279	310	310	219	219	191	191	9999	9999	182	185	129	129	151	151	238	238
11	6	583.2998.3	126	132	117	117	157	157	279	279	310	310	9999	9999	191	191	9999	9999	182	185	129	132	141	151	238	238
11	7	583.2998.4	126	132	117	117	157	157	279	279	310	312	9999	9999	191	191	9999	9999	182	185	129	132	141	151	238	238
11	8	583.2998.9	129	129	120	126	159	159	9999	9999	310	310	189	189	9999	9999	100	100	185	185	129	129	151	159	250	260
12	1	584.2955.3	105	105	120	120	159	159	279	279	310	312	185	189	191	191	100	100	185	185	129	129	151	151	238	264
12	2	584.2955.4	9999	9999	9999	9999	159	159	277	279	310	312	187	189	193	217	97	106	185	185	129	129	9999	9999	9999	9999
12	3	584.2955.8	105	126	117	120	145	145	275	277	310	310	197	201	191	191	97	100	185	191	129	129	141	151	238	238
12	4	584.2955.9	105	126	117	120	153	157	277	277	310	310	185	199	193	217	97	100	185	185	129	129	141	151	238	264
12	5	584.3009.4	105	105	120	120	161	161	279	279	310	310	179	187	193	197	97	100	185	185	129	129	141	151	238	266
12	6	584.3009.6	126	129	117	120	159	159	279	281	310	310	187	187	193	197	97	100	182	185	129	129	151	167	238	266
12	7	584.3009.7	105	126	108	120	153	159	279	279	310	310	189	189	193	193	97	97	185	185	129	129	151	159	238	266
12	8	584.3009.8	105	126	108	120	159	159	279	279	310	310	187	187	197	197	97	100	182	182	129	129	151	151	238	266
13	1	585.2943.2	9999	9999	117	117	155	155	277	277	310	310	189	219	191	191	97	100	185	185	129	129	141	151	238	238
13	2	585.2943.5	105	129	120	120	145	145	277	277	310	310	189	199	191	215	97	97	185	185	9999	9999	151	151	238	238
13	3	585.2943.7	126	126	117	120	157	157	277	277	310	310	189	189	215	217	97	100	185	185	129	129	141	151	238	238
13	4	585.2943.9	126	126	117	120	157	157	277	277	310	346	189	207	191	215	97	97	185	185	129	132	141	151	238	238
13	5	585.2981.1	9999	9999	117	120	147	147	279	279	310	310	189	201	191	191	97	97	185	185	129	132	141	151	258	258
13	6	585.2981.4	126	126	117	120	157	159	279	279	310	312	187	201	191	191	97	100	182	182	129	129	151	159	238	238
13	7	585.2981.7	126	129	117	117	147	159	279	279	310	310	9999	9999	191	191	100	100	185	185	129	129	151	151	238	238
13	8	585.2981.8	126	126	120	120	159	159	279	279	310	312	189	189	191	217	97	97	185	185	129	129	151	155	238	238
13	9	585.3019.1	126	129	117	117	147	159	277	281	310	310	189	201	191	191	100	100	185	185	129	129	159	159	9999	9999
13	10	585.3019.2	126	126	117	117	147	177	275	279	310	310	189	219	193	197	97	100	185	185	129	129	141	151	238	238
13	11	585.3019.7	126	126	120	120	159	159	275	277	310	310	187	187	191	215	97	97	185	185	129	129	151	151	9999	9999
13	12	585.3019.8	126	126	120	120	155	155	273	277	310	346	187	207	191	215	97	97	185	185	129	129	141	151	238	238
14	1	586.2939.6	132	132	117	120	153	161	277	277	310	310	185	225	191	217	97	97	185	185	129	135	151	151	238	250
14	2	586.2939.7	126	129	117	117	147	147	277	277	310	328	185	193	187	191	97	100	185	185	129	129	146	146	238	238
14	3	586.2939.8	129	132	117	117	153	175	277	277	310	310	185	189	191	197	97	97	185	185	129	135	151	151	238	238
14	4	586.2939.9	126	129	117	117	149	153	277	277	310	310	193	201	191	211	97	97	185	185	129	129	141	151	238	238
14	5	586.2990.11	129	132	117	123	151	175	275	279	310	310	187	205	191	191	97	97	185	185	129	132	141	141	238	238
14	6	586.2990.3	126	129	114	117	147	159	275	279	310	310	191	201	187	197	97	100	182	185	129	132	146	151	238	238
14	7	586.2990.4	126	126	114	117	147	177	279	279	310	328	191	193	193	213	97	97	185	185	132	132	141	146	238	238
14	8	586.2990.9	126	129	117	120	153	161	275	279	9999	9999	9999	9999	191	191	97	97	185	185	129	129	151	151	238	240
14	9	586.3012.1	9999	9999	117	123	149	149	279	279	310	312	187	187	9999	9999	97	97	9999	9999	129	132	9999	9999	9999	9999
14	10	586.3012.2	129	132	117	117	9999	9999	279	279	310	310	187	203	191	197	97	97	185	185	129	129	141	151	238	238
14	11	586.3012.4	126	129	117	117	147	147	277	277	328	328	193	205	191	191	97	97	185	185	129	129	151	151	238	238
14	12	586.3012.7	129	129	117	117	147	151	279	279	310	310	187	203	191	191	97	97	185	185	132	135	151	151	238	238
15	1	587.2942.1	105	129	123	123	153	159	275	277	310	310	185	235	191	191	100	100	185	185	129	135	151	151	238	238
15	2	587.2942.4	129	132	117	120	149	153	277	277	310	310	185	235	191	197	100	100	185	197	129	129	151	151	9999	9999
15	3	587.2942.6	126	129	117	117	155	155	277	277	310	310	185	219	191	199	97	100	185	185	129	129	141	151	238	238
15	4	587.2942.8	132	132	117	120	159	159	277	277	310	310	177	177	191	191	97	97	185	185	129	129	151	151	238	238
15	5	587.3022.2	129	132	117	117	159	159	275	277	310	310	189	219	9999	9999	97	97	185	191	129	129	151	151	238	244
15	6	587.3022.3	129	132	120	123	9999	9999	277	277	310	310	219	221	191	191	97	97	185	185	129	129	141	151	238	238
15	7	587.3022.4	105	105	117	123	153	159	277	277	310	310	187	235	9999	9999	97	100	185	185	129	129	151	171	238	238
15	8	587.3022.7	129	129	117	117	9999	9999	275	277	310	310	189	221	9999	9999	97	100	185	185	129	129	151	151	238	238
16	1	588.2949.3	126	129	117	120	145	157	275	277	9999	9999	9999	9999	191	191	97	100	185	185	135	138	141	155	238	276
16	2	588.2949.5	129	129	117	120	145	157	277	277	310	310	9999	9999	191	217	97	97	185	185	129	129	141	159	238	262
16	3	588.2949.8	129	129	117	120	159	159	277	277	310	310	9999	9999	191	191	97	97	185	185	129	129	151	155	238	238
16	4	588.2949.9	129	132	120	120	155	155	277	277	9999	9999	9999	9999	191	191	97	100	185	185	129	132	141	141	9999	9999
16	5	588.2984.2	129	129	117	117	151	159	279	279	310	328	189	197	191	191	97	100	185	185	129	132	141	155	238	250
16	6	588.2984.4	129	129	117	120	157	157	279	279	310	310	189	189	191	195	97	97	185	191	132	138	141	141	276	276
16	7	588.2984.5	126	126	117	120	151	159	279	279	310	310	189	189	191	191	97	100	185	185	129	138	141	151	9999	9999
16	8	588.2984.9	129	129	120	120	9999	9999	277	277	310	330	189	197	191	191	97	97	185	185	132	138	141	141	238	238
17	1	588.3015.1	129	129	117	117	9999	9999	9999	9999	310	310	9999	9999	9999	9999	100	100	185	185	129	132	141	151	250	250
17	2	588.3015.3	129	129	117	120	151	159	279	279	310	328	187	189	191	191	97	100	185	185	132	132	141	155	238	250
17	3	588.3015.5	9999	9999	117	117	9999	9999	9999	9999	9999	9999	189	189	9999	9999	97	100	185	185	132	132	141	151	238	238
17	4	588.3015.6	105	129	120	120	147	147	279	279	310	310	9999	9999	9999	9999	97	97	185	185	132	138	141	141	238	274
17	5	589.2954.3	126	129	117	117	159	159	277	277	310	310	189	189	191	191	100	100	185	185	129	129	141	141	238	238
17	6	589.2954.5	126	126	117	123	157	175	275	277	310	310	189	189	191	191	97	97	185	185	129	132	141	151	238	238
17	7	589.2954.6	129	129	117	117	157	157	275	277	310	310	191	221	191	191	100	100	185	185	129	132	155	155	250	250
17	8	589.2954.8	129	129	117	117	157	157	277	277	310	346	189	219	191	191	100	100	185	185	129	129	151	155	238	238
17	9	589.2996.1	105	126	120	120	159	161	279	281	310	310	189	197	197	215	97	100	182	185	123	129	141	151	238	238
17	10	589.2996.2	126	126	117	120	165	165	279	281	310	310	189	189	215	215	100	100	185	185	9999	9999	155	155	238	238
17	11	589.2996.7	126	129	120	120	159	161	279	279	310	312	189	189	197	211	97	100	182	185	123	129	141	151	238	238
17	12	589.2996.9	126	129	117	120	157	159	279	279	310	310	185	203	213	215	97	100	182	185	129	132	141	151	238	238
18	1	590.2935.2	129	129	117	117	159	175	277	277	310	310	177	177	191	191	97	97	182	185	129	129	151	155	238	238
18	2	590.2935.3	129	129	117	120	157	157	277	277	310	310	219	219	191	191	97	100	185	185	129	129	141	155	238	250
18	3	590.2935.5	129	129	117	117	159	159	9999	9999	310	310	177	177	187	191	97	100	182	185	129	129	151	155	238	238
18	4	590.2935.7	126	129	117	117	159	159	277	277	310	310	199	219	191	191	97	97	185	185	129	132	151	151	238	238
18	5	590.2995.1	129	129	117	123	147	159	273	279	310	310	199	219	191	191	97	100	185	185	129	132	151	159	238	238
18	6	590.2995.3	129	129	117	117	147	157	275	279	310	310	185	199	191	191	97	100	182	185	129	129	159	159	258	258
18	7	590.2995.5	126	126	117	117	147	159	275	279	310	310	203	231	191	191	100	100	185	185	129	129	151	155	238	238
18	8	590.2995.6	129	129	117	117	159	159	275	277	310	310	179	199	191	191	97	97	185	185	129	129	151	151	238	238
19	1	591.2947.1	126	126	117	117	155	157	277	277	310	310	189	203	191	191	97	100	185	185	129	129	151	151	250	250
19	2	591.2947.5	129	129	117	120	155	157	277	279	310	310	197	199	191	191	97	97	185	185	129	132	151	151	238	238
19	3	591.2947.8	126	129	117	120	155	155	277	277	310	346	189	189	191	191	97	97	185	185	129	129	151	151	238	250
19	4	591.2947.9	129	129	117	117	157	157	277	279	310	310	199	199	191	191	97	100	185	185	129	132	151	155	250	274
19	5	591.2977.2	126	126	117	123	157	161	279	279	310	310	189	197	191	191	9999	9999	185	185	129	135	151	151	250	250
19	6	591.2977.3	126	129	117	117	157	161	279	281	346	346	189	199	191	191	97	97	185	185	129	135	151	151	250	250
19	7	591.2977.8	129	129	117	117	157	159	277	277	310	310	9999	9999	191	191	97	97	185	185	129	132	9999	9999	238	250
19	8	591.2977.9	126	129	117	120	159	159	277	281	9999	9999	9999	9999	191	191	97	100	185	185	129	132	151	151	238	250
20	1	591.2993.2	126	129	117	120	145	145	277	281	9999	9999	9999	9999	191	193	97	97	185	185	135	135	141	146	238	238
20	2	591.2993.5	126	129	117	117	145	159	9999	9999	322	328	183	211	191	193	97	97	185	185	132	135	159	159	258	258
20	3	591.2993.7	126	129	117	117	145	145	279	281	310	328	9999	9999	191	193	97	97	185	185	132	135	159	159	9999	9999
20	4	591.2993.8	129	132	117	117	145	169	279	281	310	328	179	185	191	197	97	97	182	185	132	135	159	159	258	258
20	5	592.2956.3	126	129	117	123	155	161	277	277	310	310	9999	9999	191	191	100	100	182	185	132	132	151	155	238	250
20	6	592.2956.4	129	129	123	123	155	155	277	277	310	348	9999	9999	191	191	97	100	185	185	129	132	9999	9999	9999	9999
20	7	592.2956.6	126	129	120	120	155	155	275	277	310	348	9999	9999	191	191	100	100	185	185	129	132	151	151	238	238
20	8	592.2956.7	126	129	117	123	155	175	275	279	310	310	193	193	191	197	100	100	182	185	129	132	151	155	238	250
20	9	592.2991.1	129	132	117	120	155	175	275	279	310	346	9999	9999	191	197	97	100	185	185	129	132	151	151	238	250
20	10	592.2991.2	126	126	117	123	157	159	275	275	310	310	9999	9999	193	193	9999	9999	185	185	129	132	146	151	238	250
20	11	592.2991.6	126	132	117	120	157	159	275	275	310	310	9999	9999	187	191	9999	9999	182	185	129	132	151	151	238	238
20	12	592.2991.7	126	129	123	123	157	159	275	277	310	346	189	189	193	193	9999	9999	185	185	129	135	151	151	238	238
21	1	592.3008.1	126	129	123	123	157	177	275	279	310	310	189	189	187	191	9999	9999	185	185	129	132	155	155	250	250
21	2	592.3008.2	126	126	117	123	157	157	275	275	310	310	189	189	187	191	97	97	185	185	129	132	151	155	250	252
21	3	592.3008.4	126	129	120	123	157	157	279	279	310	314	9999	9999	191	191	100	100	185	185	129	129	146	151	238	238
21	4	592.3008.5	9999	9999	9999	9999	157	157	277	277	310	346	9999	9999	191	193	97	97	185	185	129	132	151	155	250	290
21	5	593.2936.1	126	129	117	117	159	159	275	277	310	310	187	187	197	197	100	100	182	185	129	132	141	151	238	238
21	6	593.2936.4	126	129	117	123	175	175	277	277	310	310	197	197	191	191	97	100	185	185	126	132	151	151	238	238
21	7	593.2936.6	126	129	117	120	157	159	275	275	310	310	9999	9999	191	197	97	100	185	185	129	135	146	151	238	238
21	8	593.2936.7	126	126	117	120	157	159	9999	9999	310	310	9999	9999	191	191	97	100	185	185	129	129	141	151	238	238
21	9	593.2983.2	129	129	117	120	157	157	279	279	9999	9999	189	189	191	191	100	100	185	185	129	135	159	159	258	258
21	10	593.2983.4	126	129	120	120	9999	9999	279	279	310	310	189	189	191	197	97	97	182	185	126	129	159	159	258	258
21	11	593.2983.7	126	129	117	117	159	159	275	279	310	310	189	191	191	191	97	97	185	185	129	129	141	141	238	238
21	12	593.2983.9	126	129	117	117	157	159	275	279	310	310	9999	9999	9999	9999	100	100	185	185	129	129	141	141	238	238
22	1	593.3020.3	129	129	117	117	159	159	275	277	310	310	9999	9999	191	197	97	100	182	185	126	129	141	141	238	238
22	2	593.3020.4	126	129	117	123	155	175	277	277	310	310	187	189	191	191	97	97	185	185	126	129	151	155	238	238
22	3	593.3020.5	126	129	117	120	159	159	277	277	310	310	187	189	193	199	97	100	185	185	129	129	141	151	238	250
22	4	593.3020.7	126	129	117	117	155	175	277	277	310	310	189	189	191	191	97	100	185	185	126	129	141	151	238	238
22	5	594.2944.1	9999	9999	117	120	155	155	277	277	310	310	9999	9999	191	191	97	97	185	185	132	132	141	151	238	250
22	6	594.2944.2	129	129	117	120	145	145	277	277	310	310	189	189	191	197	97	100	182	185	129	129	151	151	238	278
22	7	594.2944.5	129	129	117	117	145	145	277	277	310	310	191	191	191	197	97	97	185	185	129	129	151	151	238	250
22	8	594.2944.7	9999	9999	117	117	155	155	277	277	310	310	191	197	191	191	97	100	185	185	129	132	151	151	250	250
23	1	594.2992.3	129	129	114	117	147	147	279	279	310	310	189	189	193	193	97	97	185	185	129	129	151	151	250	278
23	2	594.2992.6	105	129	117	117	147	147	275	279	310	310	219	219	191	191	9999	9999	185	185	129	129	141	151	238	238
23	3	594.2992.8	129	132	114	117	147	147	273	279	310	310	189	189	191	191	9999	9999	182	185	129	129	146	151	238	238
23	4	594.2992.9	129	129	117	117	147	161	275	279	310	310	191	191	191	191	97	97	185	185	129	129	151	151	238	250
23	5	594.2997.2	129	129	117	123	161	161	9999	9999	310	310	189	237	197	201	97	100	185	200	129	129	151	151	238	238
23	6	594.2997.3	126	129	117	123	161	175	275	281	310	310	189	193	191	191	97	97	182	185	129	129	146	151	238	238
23	7	594.2997.4	105	129	117	123	159	159	279	279	310	310	201	201	9999	9999	97	97	182	185	129	129	141	141	238	238
23	8	594.2997.9	9999	9999	9999	9999	9999	9999	9999	9999	9999	9999	9999	9999	9999	9999	97	100	185	185	132	132	9999	9999	9999	9999
23	9	595.2931.2	126	129	117	117	157	159	277	277	310	310	187	187	191	191	97	100	185	191	129	132	151	155	238	238
23	10	595.2931.4	126	129	117	120	145	149	275	275	310	310	187	189	191	191	97	97	185	185	129	132	151	151	238	238
23	11	595.2931.5	129	129	117	120	149	149	9999	9999	310	310	177	187	191	191	97	97	185	185	129	132	151	151	238	238
23	12	595.2931.8	126	129	117	120	157	157	9999	9999	310	310	187	189	191	191	97	100	185	185	129	132	155	155	9999	9999
24	1	595.3002.1	132	132	117	117	159	159	275	275	310	310	203	219	201	201	100	100	185	185	132	132	159	159	238	238
24	2	595.3002.4	129	132	117	123	159	177	275	275	310	328	203	219	201	201	100	100	185	185	132	132	159	159	238	260
24	3	595.3002.5	129	132	117	123	9999	9999	9999	9999	310	310	203	203	201	217	97	97	182	185	132	135	159	159	260	260
24	4	595.3002.6	132	132	117	123	159	161	275	275	328	342	203	203	201	201	100	100	185	185	132	132	159	159	260	260
24	5	596.2934.1	129	132	117	120	147	147	277	277	320	320	177	223	191	191	97	100	182	185	129	129	151	151	238	238
24	6	596.2934.3	126	129	117	120	161	175	277	277	310	310	9999	9999	193	197	97	100	185	185	132	132	151	159	238	238
24	7	596.2934.4	126	129	117	120	147	147	277	279	310	310	221	231	191	193	97	97	185	185	132	132	151	159	238	238
24	8	596.2934.7	129	132	120	123	159	159	277	277	310	320	229	231	191	191	97	97	185	185	126	132	151	151	238	238
25	1	596.3007.1	126	129	117	120	149	157	279	279	310	322	231	231	191	193	97	100	182	185	129	132	151	151	238	238
25	2	596.3007.2	129	132	123	123	149	159	279	281	310	322	225	225	191	191	97	100	182	185	132	132	151	159	238	238
25	3	596.3007.3	132	132	120	120	157	159	279	279	310	310	231	231	191	191	100	100	182	185	129	129	151	159	238	238
25	4	596.3007.5	9999	9999	9999	9999	149	161	279	279	310	310	9999	9999	193	197	97	100	185	185	129	129	151	151	238	238
25	5	597.2933.3	132	132	117	120	157	157	277	277	310	310	187	187	191	217	97	100	182	185	129	129	151	151	238	238
25	6	597.2933.4	129	129	117	117	157	157	277	277	310	310	187	187	191	191	100	100	185	191	129	129	151	151	238	238
25	7	597.2933.5	129	132	117	117	153	153	277	277	310	310	187	205	191	191	97	97	182	185	129	129	151	151	238	238
25	8	597.2933.8	129	132	117	120	157	159	277	277	310	310	187	219	191	197	97	100	182	182	129	132	141	141	238	238
25	9	597.2979.1	129	132	117	117	153	157	279	279	310	310	207	207	191	217	97	97	185	185	129	129	141	151	238	238
25	10	597.2979.2	129	129	117	123	157	175	275	279	310	310	189	189	191	191	97	97	182	185	129	132	151	159	238	238
25	11	597.2979.3	129	129	117	117	155	155	277	277	310	310	189	203	191	191	97	97	185	185	129	129	141	151	238	238
25	12	597.2979.5	9999	9999	117	117	9999	9999	277	279	310	310	9999	9999	9999	9999	97	97	185	185	129	129	9999	9999	9999	9999
26	1	597.3013.2	129	129	117	117	157	157	279	279	310	310	189	221	193	193	100	100	191	191	129	129	151	151	238	238
26	2	597.3013.6	129	132	117	117	153	157	279	279	310	320	189	207	191	191	97	100	182	185	129	129	141	151	238	238
26	3	597.3013.8	129	129	108	117	157	157	279	279	310	310	189	221	191	191	97	97	185	185	129	129	151	151	238	238
26	4	597.3013.9	129	132	117	117	157	159	275	277	310	310	189	219	197	217	97	97	182	182	129	132	141	151	238	238
26	5	598.2953.2	129	132	117	117	147	157	277	277	310	310	191	191	191	191	97	100	185	185	129	129	141	151	238	238
26	6	598.2953.4	126	132	117	117	157	161	277	277	310	310	189	189	191	191	97	97	185	191	129	129	141	151	238	238
26	7	598.2953.5	129	135	117	117	155	159	277	277	310	310	189	225	191	191	97	100	185	185	129	129	151	151	238	238
26	8	598.2953.9	126	129	117	117	155	159	277	277	310	310	189	189	191	191	100	100	185	185	129	129	151	151	238	238
27	1	598.3011.1	129	132	117	120	157	157	279	279	310	310	189	189	193	193	97	100	185	185	132	132	151	151	238	238
27	2	598.3011.3	9999	9999	9999	9999	157	163	279	279	310	310	189	189	191	191	100	100	185	191	129	129	151	151	238	238
27	3	598.3011.4	129	132	117	117	161	161	279	279	310	310	191	191	191	191	97	100	191	191	129	129	151	151	238	238
27	4	598.3011.5	126	132	117	117	159	161	279	279	310	310	189	189	191	191	97	100	191	191	129	129	141	151	238	238
27	5	599.2941.2	129	129	123	126	147	147	275	279	310	346	189	189	191	191	100	100	185	185	129	132	159	159	262	262
27	6	599.2941.4	129	129	117	117	147	147	275	279	310	324	177	177	191	191	100	100	185	185	132	132	141	141	238	238
27	7	599.2941.8	129	129	117	123	149	149	275	275	310	310	177	189	191	217	100	100	185	185	129	132	141	159	238	262
27	8	599.2941.9	129	129	117	117	9999	9999	9999	9999	310	324	177	177	191	217	100	100	185	185	129	132	141	155	238	242
27	9	599.3017.1	129	129	117	117	147	155	277	281	310	346	179	225	191	217	100	100	182	185	129	132	146	155	238	242
27	10	599.3017.2	129	129	123	126	147	155	275	279	310	346	179	223	193	217	100	100	185	185	129	132	159	159	272	272
27	11	599.3017.5	129	129	117	117	9999	9999	279	281	310	310	189	223	191	217	100	100	185	185	129	129	146	155	238	242
27	12	599.3017.8	129	129	120	126	9999	9999	277	277	9999	9999	9999	9999	191	217	100	100	185	185	129	132	9999	9999	9999	9999
28	1	600.2959.1	129	132	117	123	161	161	275	277	312	328	179	233	191	191	100	106	185	185	132	138	155	159	238	264
28	2	600.2959.5	126	129	117	117	157	159	277	277	310	310	231	233	191	191	97	97	185	185	129	138	151	155	238	240
28	3	600.2959.8	129	129	117	126	157	157	275	277	310	328	201	209	191	197	97	100	185	185	9999	9999	141	159	238	264
28	4	600.2959.9	126	129	117	126	157	157	277	279	322	328	201	201	191	191	100	100	191	191	129	132	151	159	240	264
28	5	600.3005.3	129	129	117	117	157	161	279	279	310	310	189	233	185	191	97	97	182	185	132	138	9999	9999	238	238
28	6	600.3005.4	126	129	117	126	159	159	279	281	310	322	203	211	191	191	100	100	182	185	129	132	151	159	240	260
28	7	600.3005.5	105	132	117	126	159	159	279	281	310	328	189	203	191	191	97	97	182	185	132	135	141	159	238	260
28	8	600.3005.6	129	132	117	123	159	159	275	279	322	328	203	209	191	191	97	100	185	185	129	132	151	159	240	260
