1	1	noname	223	223	142	142	139	153	136	140	216	236	164	174	150	158
2	1	4467.g	223	223	142	142	143	145	140	146	236	238	9999	9999	152	154
3	1	4467.i	227	227	142	142	139	143	136	160	216	236	164	164	152	152
4	1	4467.k	223	227	142	145	139	153	136	160	216	236	164	186	150	158
5	1	4467.l	223	223	142	145	141	143	140	154	216	236	164	164	156	158
6	1	4468.i	223	226	142	142	141	143	146	150	216	216	9999	9999	154	180
7	1	4468.l	223	226	142	142	143	143	146	160	214	216	9999	9999	154	154
8	1	4468.m	223	226	142	145	141	143	144	146	216	238	174	174	154	176
9	1	4468.n	223	223	142	142	139	141	140	146	238	242	168	174	154	174
10	1	4468.p	223	223	145	145	143	145	144	146	216	246	158	174	152	152
11	1	4469.e	223	223	142	145	139	139	144	146	216	238	166	168	150	152
12	1	4469.f	223	223	142	145	139	149	136	144	232	238	166	170	150	152
13	1	4469.g	223	223	142	145	139	143	136	144	216	216	166	168	152	174
14	1	4469.k	223	223	142	145	143	149	136	140	216	238	168	174	154	174
15	1	4469.m	223	223	142	145	133	139	136	136	216	238	166	168	152	154
16	1	4470.c	226	226	142	145	141	171	134	158	216	216	170	172	152	152
17	1	4470.e	226	226	142	142	141	147	146	154	216	234	160	168	152	152
18	1	4470.f	226	226	142	142	141	143	150	154	216	234	166	168	152	176
19	1	4470.h	223	223	142	142	141	143	142	154	216	216	166	172	152	152
20	1	4471.d	223	223	142	142	131	143	150	156	216	240	168	168	152	176
21	1	4471.f	223	223	142	142	131	131	148	156	216	234	168	178	152	152
22	1	4471.h	223	223	142	142	143	145	150	162	216	216	9999	9999	152	176
23	1	4472.i	223	223	142	145	139	149	148	148	216	242	168	170	150	152
24	1	4472.j	223	223	142	142	139	141	144	148	216	216	166	170	150	152
25	1	4472.k	223	223	142	145	139	151	136	148	216	232	164	170	158	194
26	1	4472.l	223	223	145	145	9999	9999	150	158	216	216	164	168	152	152
27	1	4472.p	223	226	142	145	139	147	142	158	216	216	164	168	152	194
28	1	4473.b	223	225	142	145	139	149	144	172	232	236	154	158	152	152
29	1	4473.c	226	226	142	142	9999	9999	144	172	228	236	9999	9999	156	156
30	1	4473.e	226	226	142	145	147	149	136	148	216	216	9999	9999	156	180
31	1	4473.g	223	226	142	142	145	149	146	172	216	216	9999	9999	156	180
32	1	4474.b	221	223	142	142	9999	9999	146	150	216	232	154	170	140	152
33	1	4474.c	221	223	142	142	147	147	136	150	216	216	168	170	140	152
34	1	4474.d	225	226	142	142	139	141	144	150	216	216	168	180	152	156
35	1	4475.a	223	226	142	142	143	151	148	148	234	236	164	178	154	192
36	1	4475.b	223	233	142	142	9999	9999	134	148	234	236	172	178	154	192
37	1	4475.c	225	225	142	142	9999	9999	148	148	216	216	9999	9999	156	192
38	1	4475.d	9999	9999	142	142	9999	9999	148	148	216	238	170	178	156	192
39	1	4475.e	9999	9999	142	142	149	151	142	148	216	236	168	178	156	192
40	1	4475.f	223	225	142	142	149	151	9999	9999	216	216	164	170	140	152
41	1	4475.g	223	225	142	142	149	151	136	148	216	232	170	178	152	160
42	1	4476.g	223	223	142	145	141	143	140	144	234	244	168	170	178	186
43	1	4476.l	223	226	142	142	143	155	140	144	216	244	170	176	160	178
44	1	4477.b	223	223	142	142	145	145	144	146	230	238	166	168	140	156
45	1	4477.c	223	223	142	142	143	145	136	144	234	242	162	168	150	152
46	1	4477.d	223	223	142	142	143	145	132	144	216	238	166	170	140	156
47	1	4477.e	221	223	142	142	145	171	144	168	232	238	9999	9999	152	174
48	1	4478.a	221	223	142	145	143	149	148	168	232	238	164	178	174	176
49	1	4478.b	237	237	142	145	129	129	144	148	216	238	162	178	156	174
50	1	4478.c	223	226	142	145	149	149	148	152	216	216	178	190	154	176
51	1	4478.d	221	237	142	145	149	171	136	148	216	238	152	166	174	176
52	1	4478.g	223	237	142	145	145	149	136	146	238	242	168	178	150	160
53	1	4479.c	223	237	142	142	143	143	144	146	216	244	166	170	154	154
54	1	4479.d	223	223	142	145	143	147	142	144	216	232	160	162	140	154
55	1	4479.g	223	223	142	142	143	145	144	144	220	234	160	162	152	156
56	1	4479.h	223	223	142	142	143	173	134	136	216	216	160	162	152	156
57	1	4480.f	225	225	142	142	149	171	144	148	216	216	168	176	152	156
58	1	4480.g	225	225	142	142	143	147	138	144	216	232	174	176	154	156
59	1	4480.h	225	225	142	142	143	145	132	144	216	216	172	176	156	158
60	1	4480.i	223	225	142	142	147	171	132	144	216	216	168	176	152	156
61	1	4480.j	221	221	142	142	145	171	144	144	216	216	168	172	154	156
62	1	4480.k	221	226	142	142	129	143	144	144	216	216	170	172	154	156
63	1	4481.c	9999	9999	142	145	139	145	144	144	218	230	158	174	154	160
64	1	4481.d	223	223	142	145	145	145	144	144	216	218	174	178	154	156
65	1	4481.e	226	226	145	145	139	149	136	146	216	238	174	176	152	154
66	1	4481.g	225	225	142	145	139	149	144	146	218	238	172	174	152	154
67	1	4481.h	223	223	142	145	139	143	146	146	214	218	172	174	154	176
68	1	4481.i	9999	9999	142	145	139	145	132	146	216	218	168	174	152	160
69	1	4482.c	223	226	142	145	139	141	136	144	216	216	166	168	154	188
70	1	4482.d	225	225	142	142	139	141	144	144	232	232	166	168	154	180
71	1	4482.e	225	225	142	145	143	145	136	146	216	232	166	166	160	188
72	1	4482.f	223	226	142	142	139	143	136	146	232	232	166	166	176	188
73	1	4482.h	223	223	142	145	139	143	144	146	218	232	168	174	160	188
74	1	4482.i	223	223	142	145	139	145	136	144	216	232	166	168	152	180
75	1	4483.i	225	225	142	142	141	149	136	144	216	216	168	172	154	154
76	1	4483.j	223	223	142	145	149	149	136	150	216	216	168	172	152	152
77	1	4483.k	221	225	142	145	149	151	132	142	216	236	170	172	154	160
78	1	4483.l	221	223	142	145	145	145	132	144	216	232	170	172	152	154
79	1	4483.m	221	225	142	145	139	149	132	144	216	216	172	172	154	184
80	1	4483.n	225	225	142	142	143	149	132	136	216	244	162	172	154	154
81	1	4483.o	9999	9999	142	142	9999	9999	136	136	216	222	170	172	9999	9999
82	1	4484.aa	226	226	142	145	139	149	148	168	232	234	170	176	152	180
83	1	4484.ab	225	227	142	145	139	147	148	168	232	234	168	172	152	156
84	1	4484.ac	225	227	142	145	147	147	146	148	216	232	166	168	152	156
85	1	4484.ad	225	227	142	145	147	147	148	148	234	242	168	178	152	156
86	1	4484.ae	225	226	142	145	139	147	148	168	232	234	172	178	160	180
87	1	4484.ag	225	226	142	145	147	147	146	168	216	232	172	178	152	156
88	1	4484.f	9999	9999	142	145	9999	9999	146	148	214	232	168	178	9999	9999
89	1	4484.g	225	226	142	145	139	149	148	168	216	232	172	178	156	160
90	1	4484.h	226	227	142	145	139	147	148	148	216	232	166	168	156	160
91	1	4484.i	9999	9999	142	145	147	147	136	148	216	232	168	176	152	154
92	1	4484.j	227	227	142	145	139	147	146	168	216	232	166	168	160	180
93	1	4484.l	227	227	142	145	147	149	148	148	216	232	166	168	156	160
94	1	4484.m	9999	9999	142	145	147	149	148	168	216	242	168	178	156	160
95	1	4484.n	227	227	142	145	147	147	146	148	232	234	168	172	160	180
96	1	4484.o	227	227	142	142	147	149	136	148	216	216	170	172	154	156
97	1	4484.p	9999	9999	142	145	147	147	146	148	234	242	168	178	152	180
98	1	4484.q	9999	9999	142	145	139	147	144	148	216	232	168	176	156	160
99	1	4484.r	227	227	142	145	139	145	144	168	232	242	168	178	152	152
100	1	4484.s	223	223	142	145	139	147	132	168	216	242	9999	9999	152	154
101	1	4484.t	9999	9999	142	145	139	147	144	148	216	232	172	178	156	160
102	1	4484.w	225	225	142	145	139	147	146	168	216	242	168	172	152	180
103	1	4484.x	225	225	142	145	147	149	146	168	216	242	172	178	160	180
104	1	4484.y	9999	9999	142	145	147	147	148	148	216	232	168	178	152	156
105	1	4484.z	226	226	142	145	139	147	148	148	216	242	166	168	160	180
106	1	4485.h	226	226	142	142	141	145	146	148	214	216	164	168	158	178
107	1	4485.i	223	227	142	142	145	145	136	144	216	218	164	168	152	158
108	1	4485.k	223	227	142	142	139	145	144	146	214	216	168	178	154	158
109	1	4485.l	9999	9999	142	142	141	145	144	148	216	216	170	178	154	158
110	1	4485.m	223	227	142	142	141	145	144	148	214	216	9999	9999	154	156
111	1	4485.n	223	223	142	142	145	147	146	148	216	216	164	172	156	158
112	1	4485.o	227	227	142	142	141	145	146	148	216	216	164	170	156	158
113	1	4486.g	223	223	142	145	143	145	144	144	216	236	170	176	158	160
114	1	4486.h	226	226	142	145	149	151	142	146	236	236	168	176	156	160
115	1	4486.i	221	221	142	142	145	145	142	146	236	242	168	176	152	160
116	1	4486.j	221	221	142	142	149	151	140	146	216	236	154	172	140	152
117	1	4486.k	223	223	142	145	141	145	144	160	216	236	170	172	154	160
118	1	4486.l	221	226	142	145	145	147	142	146	216	236	170	172	150	152
119	1	4486.m	9999	9999	142	145	135	151	142	146	232	236	170	172	158	160
120	1	4486.n	223	223	142	142	139	151	144	152	216	236	172	174	158	160
121	1	4486.o	226	226	145	145	145	149	144	146	216	218	168	176	152	156
122	1	4487.d	223	225	142	142	139	139	144	144	214	234	166	178	152	154
123	1	4487.e	223	225	142	142	151	151	144	144	214	216	166	170	152	154
124	1	4487.f	225	225	142	142	143	143	144	154	232	234	166	190	152	174
125	1	4487.g	223	225	142	142	139	139	144	144	214	216	166	178	152	156
126	1	4487.h	223	223	142	142	141	141	136	146	232	234	166	166	158	160
127	1	4487.i	223	225	142	142	141	141	134	136	234	244	9999	9999	152	156
128	1	4487.j	9999	9999	142	142	141	151	136	146	216	232	9999	9999	152	158
129	1	4487.k	9999	9999	142	142	139	151	136	158	216	234	166	172	158	170
130	1	4487.l	225	225	142	142	147	151	132	136	216	216	166	176	152	158
131	1	4488.d	226	226	142	145	145	145	142	144	214	216	166	166	154	156
132	1	4488.e	226	226	142	145	143	151	144	144	216	216	178	190	140	152
133	1	4488.f	225	227	142	142	143	151	144	160	214	216	178	190	140	156
134	1	4488.g	227	227	142	142	141	143	144	146	216	232	176	190	152	174
135	1	4488.h	223	223	142	142	145	149	144	144	216	238	166	168	156	160
136	1	4488.i	223	223	142	145	145	147	144	146	216	216	168	190	156	176
137	1	4488.j	227	227	142	145	145	145	144	154	216	234	164	190	152	156
138	1	4489.f	9999	9999	142	142	145	145	136	144	218	242	162	174	160	180
139	1	4489.g	227	227	142	142	143	145	144	144	216	216	162	178	140	160
140	1	4489.h	9999	9999	142	145	145	149	134	144	216	234	168	172	152	186
141	1	4489.i	227	227	142	142	145	145	144	144	216	242	162	172	154	160
142	1	4489.j	226	226	142	142	145	149	136	144	218	242	168	174	152	154
143	1	4489.k	223	227	142	145	145	151	144	144	216	242	166	172	154	156
144	1	4489.l	223	226	142	142	143	145	144	156	242	242	172	178	152	154
145	1	4490.a	9999	9999	142	142	151	151	136	150	216	234	164	176	140	160
146	1	4490.b	9999	9999	142	142	139	151	148	150	216	216	172	178	140	180
147	1	4490.d	226	226	142	142	141	143	144	154	216	232	176	178	158	182
148	1	4490.e	226	226	142	142	143	145	144	144	216	242	172	176	140	160
149	1	4490.f	226	226	142	145	143	145	144	144	216	232	178	184	160	182
150	1	4490.g	9999	9999	142	142	147	151	144	146	216	216	176	178	158	182
151	1	4491.a	223	225	142	145	139	143	148	150	216	216	162	170	152	154
152	1	4491.b	9999	9999	142	142	145	149	144	146	216	216	170	172	156	180
153	1	4492.g	9999	9999	145	145	139	145	140	144	234	238	162	172	152	154
154	1	4492.k	223	226	142	145	145	145	144	146	216	216	162	172	140	186
155	1	4492.m	223	226	142	145	145	149	144	144	232	234	162	166	152	180
156	1	4492.n	223	223	142	142	141	149	132	134	216	216	174	190	150	152
157	1	4492.o	225	225	142	145	145	149	134	144	216	216	164	166	152	186
158	1	4493.aa	225	225	142	142	151	151	146	154	236	244	164	166	154	178
159	1	4493.ab	227	227	142	142	145	145	146	146	216	236	166	168	154	178
160	1	4493.ac	225	227	142	142	145	151	146	150	216	234	166	168	152	154
161	1	4493.ad	225	227	142	142	145	147	140	144	216	236	162	166	152	154
162	1	4493.ag	227	227	142	142	145	151	144	146	232	234	166	168	152	182
163	1	4493.ah	227	227	142	142	151	151	132	144	216	234	168	176	152	154
164	1	4493.ai	227	227	142	142	145	151	144	146	234	238	166	168	152	154
165	1	4493.aj	227	227	142	142	139	145	144	158	216	234	166	172	152	152
166	1	4493.ak	9999	9999	142	142	145	151	144	144	216	236	166	168	154	156
167	1	4493.al	227	227	142	142	151	151	132	144	216	236	166	176	152	154
168	1	4493.am	227	227	142	142	147	151	132	146	216	236	166	170	152	154
169	1	4493.an	9999	9999	142	142	145	145	144	146	232	234	166	168	150	152
170	1	4493.ao	227	227	142	142	147	151	144	144	216	234	166	170	152	154
171	1	4493.r	227	227	142	142	139	145	146	154	218	236	164	166	152	154
172	1	4493.s	235	235	142	142	131	137	136	136	238	238	164	180	150	182
173	1	4493.t	227	227	142	142	141	145	144	146	230	236	166	170	140	154
174	1	4493.u	223	223	142	142	149	151	144	158	216	234	166	170	150	152
175	1	4493.v	227	227	142	142	149	151	144	146	230	234	166	170	154	158
176	1	4493.w	223	223	142	145	141	151	146	154	214	236	166	180	140	154
177	1	4493.x	9999	9999	142	142	139	151	132	146	216	234	164	166	152	154
178	1	4493.y	223	227	142	142	145	149	132	146	216	236	166	190	152	156
179	1	4493.z	227	227	142	142	145	147	144	146	216	234	166	176	152	152
180	1	4494.aa	227	227	142	142	147	149	144	144	216	218	168	170	152	154
181	1	4494.ab	227	227	142	142	145	145	136	148	218	232	168	170	154	178
182	1	4494.ae	227	227	142	142	145	145	144	144	216	218	168	176	152	154
183	1	4494.af	227	227	142	142	149	149	144	154	218	238	166	168	154	154
184	1	4494.ag	9999	9999	142	142	143	145	132	136	216	218	164	168	152	154
185	1	4494.k	227	227	142	142	141	145	136	144	216	232	9999	9999	140	154
186	1	4494.l	227	227	142	142	149	149	136	154	216	232	166	168	154	178
187	1	4494.m	9999	9999	142	142	141	149	136	144	218	230	168	176	140	154
188	1	4494.n	227	227	142	142	145	145	144	154	216	232	166	168	154	154
189	1	4494.o	223	225	142	142	143	145	132	144	216	218	164	168	152	154
190	1	4494.p	223	225	142	142	141	145	136	144	216	218	168	176	140	154
191	1	4494.q	227	227	142	142	143	149	136	150	216	232	164	168	154	156
192	1	4494.r	227	227	142	142	143	149	136	144	216	232	168	180	152	154
193	1	4494.s	227	227	142	142	141	149	144	144	230	232	168	176	140	154
194	1	4494.t	227	227	142	142	149	149	136	144	216	232	168	176	152	154
195	1	4494.u	227	227	142	142	145	145	144	154	216	232	166	168	154	154
196	1	4494.v	227	227	142	142	145	145	132	136	218	232	168	184	154	154
197	1	4494.w	227	227	142	142	145	171	132	144	232	234	168	180	154	156
198	1	4494.z	9999	9999	142	142	143	149	132	144	216	232	162	166	9999	9999
199	1	4508.b	9999	9999	142	142	141	149	136	142	214	232	162	168	150	188
200	1	4508.e	225	229	142	142	141	149	136	154	214	232	160	162	150	152
201	1	4508.g	221	225	142	142	141	153	128	154	214	232	160	162	150	152
202	1	4508.k	225	229	142	142	141	153	136	154	214	216	164	168	150	154
203	1	4508.l	225	229	142	142	141	149	128	142	214	232	164	168	150	188
204	1	4509.a	9999	9999	142	145	129	143	136	142	216	232	164	172	150	174
205	1	4509.c	221	223	142	145	141	141	136	142	230	248	172	174	154	156
206	1	4509.f	9999	9999	142	145	141	145	140	144	214	248	172	180	156	180
207	1	4509.h	221	221	145	145	141	143	136	136	232	248	170	172	150	150
208	1	4509.l	221	225	145	145	143	145	136	140	218	232	170	172	150	184
209	1	4509.r	221	225	142	145	143	149	140	158	228	232	172	184	154	156
210	1	4509.t	221	221	142	145	141	143	136	152	232	248	168	172	154	156
211	1	4509.v	221	221	142	145	141	143	140	144	228	248	170	172	154	156
212	1	4509.x	221	225	142	145	141	141	136	144	232	232	9999	9999	150	182
213	1	4510.a	225	231	142	142	137	143	144	146	218	238	178	180	148	150
214	1	4510.c	225	225	142	145	137	143	128	144	216	234	178	180	154	168
215	1	4510.d	223	233	142	142	143	151	144	146	218	234	170	180	150	154
216	1	4510.e	9999	9999	142	142	139	151	144	146	218	234	152	170	154	168
217	1	4511.a	226	227	142	145	145	149	134	134	230	234	162	180	154	166
218	1	4511.c	221	223	142	145	135	145	134	134	230	234	156	160	154	166
219	1	4511.d	223	225	145	145	135	141	134	134	230	234	158	180	154	186
220	1	4511.f	223	225	142	145	135	141	134	134	216	234	162	180	154	166
221	1	4511.g	9999	9999	142	145	141	149	134	134	216	234	158	158	152	154
222	1	4511.h	225	227	142	142	135	141	134	146	216	234	158	158	166	186
223	1	4511.j	9999	9999	142	145	145	149	134	134	230	234	158	158	164	186
224	1	4511.k	223	225	142	145	135	145	134	146	230	234	158	180	152	192
225	1	4511.l	223	225	142	142	145	145	136	136	216	234	162	168	152	154
226	1	4511.m	9999	9999	145	145	145	149	134	146	216	234	158	162	154	166
227	1	4511.q	223	227	142	145	145	149	134	146	230	234	162	180	166	186
228	1	4511.r	9999	9999	145	145	135	145	134	146	230	234	158	162	166	186
229	1	4511.s	223	227	142	145	135	145	134	146	230	234	162	180	154	154
230	1	4511.w	9999	9999	145	145	135	145	134	134	216	234	158	158	166	186
231	1	4511.x	223	223	142	145	135	141	134	134	230	234	162	180	154	154
232	1	4511.y	225	227	142	142	135	145	9999	9999	9999	9999	9999	9999	9999	9999
233	1	4511.z	9999	9999	142	142	137	145	134	142	234	234	162	172	9999	9999
234	1	4512.a	9999	9999	142	142	141	159	150	156	232	234	170	172	166	170
235	1	4512.g	9999	9999	145	145	137	159	134	150	234	240	168	168	156	170
236	1	4512.h	9999	9999	142	145	141	159	156	156	232	232	168	168	166	170
237	1	4512.i	223	223	142	145	157	159	150	156	232	232	170	170	170	170
238	1	4513.a	223	225	145	145	137	141	150	152	216	234	158	174	158	164
239	1	4513.c	223	225	142	145	137	137	150	150	216	242	158	164	152	164
240	1	4513.f	221	223	142	145	137	141	134	140	216	216	164	164	164	164
241	1	4513.g	221	226	145	145	137	159	140	156	216	232	164	168	164	172
242	1	4513.j	221	229	142	145	137	141	140	156	232	242	158	170	9999	9999
243	1	4513.l	223	229	145	145	137	137	134	140	216	216	164	164	158	164
244	1	4513.m	9999	9999	145	145	137	159	140	156	216	216	156	158	164	186
245	1	4513.n	9999	9999	145	145	137	137	144	150	216	216	156	158	9999	9999
246	1	4513.o	9999	9999	142	145	137	141	134	150	216	240	164	164	156	160
247	1	4513.s	221	223	142	145	137	137	134	140	240	242	158	158	160	162
248	1	4515.b	226	226	142	145	141	141	144	144	214	230	164	166	150	156
249	1	4515.c	223	226	142	145	129	151	136	144	214	230	166	174	156	166
250	1	4515.d	9999	9999	142	142	141	141	144	144	214	230	164	166	150	188
251	1	4516.c	223	223	142	145	141	151	142	152	216	238	164	166	150	156
252	1	4516.d	9999	9999	142	145	141	153	138	144	214	228	166	180	150	156
253	1	4516.f	225	225	142	145	137	141	138	146	216	234	164	180	150	154
254	1	4516.h	225	225	145	145	141	151	138	146	214	216	158	164	156	166
255	1	4518.a	9999	9999	142	145	141	141	138	142	230	244	168	172	154	156
256	1	4518.b	223	225	142	145	141	141	142	144	228	244	168	172	154	156
257	1	4519.a	223	225	9999	9999	141	147	138	146	230	244	158	168	154	158
258	1	4519.b	225	227	142	145	141	143	140	142	244	244	158	164	150	158
259	1	4521.a	9999	9999	142	145	141	149	132	144	214	240	9999	9999	160	188
260	1	4521.c	9999	9999	9999	9999	143	149	136	142	214	230	158	166	152	154
261	1	4522.e	9999	9999	142	145	139	151	144	152	214	216	9999	9999	156	188
262	1	4522.f	223	223	142	145	143	153	138	144	230	234	158	170	180	188
263	1	4522.g	9999	9999	142	142	141	143	138	144	216	234	164	174	156	188
264	1	4522.i	223	223	142	145	139	151	138	140	230	234	172	174	154	188
265	1	4522.j	9999	9999	142	145	141	143	138	146	226	230	158	158	160	188
266	1	4523.i	9999	9999	142	145	141	149	144	146	230	264	158	170	154	160
267	1	4523.j	9999	9999	142	145	141	147	144	152	230	262	164	170	154	160
268	1	4523.k	9999	9999	142	142	141	141	140	144	230	234	160	170	154	156
269	1	4523.l	9999	9999	9999	9999	131	143	144	146	230	230	168	168	152	154
270	1	4523.m	9999	9999	145	145	131	141	144	144	230	230	168	168	152	154
271	1	4523.y	221	223	142	142	131	149	142	144	214	230	164	170	156	182
272	1	4524.a	223	223	142	142	151	151	138	146	214	214	164	168	160	178
273	1	4524.b	221	223	145	145	143	151	146	146	228	242	166	168	176	178
274	1	4524.c	221	221	142	145	147	151	144	146	214	242	154	168	9999	9999
275	1	4524.d	221	221	142	145	143	145	138	146	214	242	168	168	178	178
276	1	4524.f	221	221	142	145	145	151	136	146	214	242	168	168	178	178
277	1	4524.g	221	223	142	145	145	149	146	146	214	214	164	172	178	182
278	1	4524.h	9999	9999	142	145	143	145	138	146	214	242	164	172	156	160
279	1	4524.k	221	225	142	142	143	151	146	146	216	242	172	178	152	156
280	1	4525.b	221	223	145	145	149	151	134	138	230	230	166	172	154	178
281	1	4525.d	9999	9999	142	145	143	151	136	142	216	230	172	178	152	152
282	1	4525.f	225	225	142	145	129	151	134	146	216	230	168	172	152	154
283	1	4525.g	225	225	142	142	129	141	134	142	216	230	166	178	152	154
284	1	4525.i	225	225	142	145	131	141	138	144	230	230	160	166	154	178
285	1	4526.a	225	225	142	142	129	151	134	142	216	230	168	172	152	154
286	1	4526.b	225	225	142	145	129	151	134	146	216	230	166	168	152	154
287	1	4526.g	225	225	142	145	143	151	144	146	216	230	166	168	152	154
288	1	4526.h	223	225	142	145	143	151	142	144	216	230	164	166	152	154
289	1	4526.i	223	225	142	142	129	129	146	148	216	216	174	178	152	160
290	1	4526.m	9999	9999	142	145	143	151	142	146	216	216	164	166	152	182
291	1	4527.b	225	225	142	142	139	143	148	152	216	230	170	178	156	186
292	1	4527.d	223	226	142	142	151	151	148	150	216	230	170	178	152	154
293	1	4527.e	223	225	142	145	143	151	138	152	216	234	166	172	150	154
294	1	4527.f	223	225	142	142	139	143	148	152	216	230	166	170	152	154
295	1	4527.i	223	225	142	142	139	149	130	150	230	240	166	170	154	156
296	1	4528.b	9999	9999	145	145	129	141	146	148	214	232	9999	9999	154	156
297	1	4528.d	223	223	145	145	143	151	146	152	214	230	160	168	154	156
298	1	4528.g	9999	9999	142	142	129	143	142	146	214	214	158	174	154	156
299	1	4528.h	223	225	142	145	129	129	144	146	214	234	158	174	156	160
300	1	4528.i	9999	9999	142	142	129	151	142	148	214	230	168	172	154	156
301	1	4528.j	223	226	142	145	129	141	144	146	214	234	166	168	154	156
302	1	4528.k	223	223	145	145	133	143	136	146	216	238	158	166	152	154
303	1	4528.l	9999	9999	142	145	129	153	142	148	214	216	158	180	156	178
304	1	4529.d	9999	9999	142	145	143	143	140	148	216	230	168	172	156	156
305	1	4529.e	9999	9999	142	142	9999	9999	142	144	214	234	9999	9999	154	182
306	1	4529.h	223	225	142	142	129	151	140	148	216	230	168	172	154	182
307	1	4529.i	223	223	142	142	143	143	140	140	230	230	172	174	182	182
308	1	4530.c	9999	9999	142	142	143	143	148	148	216	240	166	178	150	152
309	1	4530.i	223	223	142	142	141	143	130	140	214	240	158	166	150	152
310	1	4530.z	223	223	142	142	141	143	144	148	214	240	164	166	150	152
311	1	4531.c	221	223	142	142	151	153	142	144	214	244	158	178	150	182
312	1	4531.d	221	226	142	145	131	153	138	142	214	254	158	178	152	156
313	1	4531.e	221	225	142	145	143	143	138	142	214	242	158	166	156	178
314	1	4531.g	9999	9999	142	145	131	153	142	144	214	234	160	166	9999	9999
315	1	4531.m	221	223	142	142	141	143	142	144	244	246	160	178	150	156
316	1	4532.a	9999	9999	145	145	131	139	138	140	240	242	156	168	150	180
317	1	4532.m	223	223	142	145	143	143	138	150	230	254	156	170	152	154
318	1	4533.a	221	221	142	145	141	153	142	142	214	214	160	166	150	182
319	1	4533.i	221	221	142	145	141	151	142	148	214	238	160	170	150	154
320	1	4534.a	9999	9999	142	145	141	143	146	148	230	238	160	170	150	174
321	1	4534.k	223	227	142	145	131	143	144	146	218	234	160	180	150	156
322	1	4535.ae	221	226	142	142	145	153	138	142	230	240	160	160	152	162
323	1	4535.af	221	221	142	145	147	149	144	146	228	230	152	170	148	162
324	1	4535.ag	221	225	142	145	137	153	144	146	228	230	152	170	148	162
325	1	4535.b	221	223	142	142	141	153	144	146	214	240	156	158	152	154
326	1	4535.c	221	226	145	145	149	153	142	144	230	240	158	160	162	178
327	1	4535.e	225	225	142	142	145	149	128	142	214	230	152	168	162	186
328	1	4535.i	221	221	142	142	137	149	144	146	238	240	158	170	150	162
329	1	4535.j	221	221	142	145	137	149	142	144	230	238	152	170	150	152
330	1	4535.k	221	221	145	145	137	149	142	144	228	230	152	172	148	162
331	1	4535.p	225	225	142	145	147	153	144	146	228	240	152	172	148	162
332	1	4535.q	221	225	145	145	147	153	144	146	228	230	158	172	148	150
333	1	4535.v	225	227	142	145	145	153	138	146	240	240	152	160	160	162
334	1	4536.c	221	223	142	145	143	143	144	144	214	248	170	172	152	154
335	1	4536.f	223	225	142	145	143	147	132	138	234	234	168	170	152	154
336	1	4536.g	223	223	145	145	139	143	132	140	234	234	170	172	154	156
337	1	4537.a	223	223	142	145	143	149	142	146	234	238	166	170	152	182
338	1	4537.b	9999	9999	142	142	137	143	134	142	216	234	160	170	180	182
339	1	4537.c	225	225	142	142	143	143	142	146	234	234	9999	9999	154	182
340	1	4537.g	225	225	142	145	143	143	142	146	230	234	9999	9999	150	154
341	1	4537.h	225	225	142	142	143	143	142	146	216	234	166	170	150	182
342	1	4537.i	225	229	142	145	143	147	142	152	216	246	172	180	148	182
343	1	4537.k	9999	9999	142	145	141	143	142	152	234	256	150	180	154	154
344	1	4538.d	223	226	142	142	141	143	140	146	216	232	9999	9999	150	182
345	1	4538.e	223	226	142	142	137	143	146	150	240	252	9999	9999	150	150
346	1	4538.h	226	226	145	145	137	139	146	146	214	240	9999	9999	154	154
347	1	4538.o	223	223	142	145	139	143	142	146	232	238	176	182	150	182
348	1	4538.q	223	223	142	145	143	143	140	146	232	240	168	176	154	182
349	1	4538.u	221	223	142	145	137	143	136	146	240	246	162	176	166	182
350	1	4539.aa	221	226	142	145	139	141	142	142	214	258	164	176	150	154
351	1	4539.ab	223	226	142	142	139	153	136	142	230	258	164	172	154	158
352	1	4539.af	223	226	142	142	141	153	134	136	230	258	164	170	156	158
353	1	4539.ak	223	226	142	142	137	153	136	162	230	258	9999	9999	158	158
354	1	4539.am	221	226	142	145	131	153	136	142	242	258	160	170	150	158
355	1	4539.b	221	226	142	142	145	153	142	150	232	258	170	172	154	158
356	1	4539.e	226	226	142	142	153	153	140	142	254	258	168	170	154	184
357	1	4539.i	223	225	142	142	139	141	136	142	9999	9999	162	168	154	154
358	1	4539.j	9999	9999	142	145	141	153	142	142	214	258	162	164	150	158
359	1	4539.m	223	225	142	142	137	153	136	136	234	258	164	178	152	154
360	1	4539.r	221	226	142	142	139	143	142	150	232	258	164	172	154	158
361	1	4539.t	221	226	142	142	139	143	142	142	230	230	164	172	158	158
362	1	4539.u	226	226	142	142	139	139	136	148	212	258	170	172	154	158
363	1	4539.v	221	226	142	145	141	153	136	142	214	258	164	170	154	174
364	1	4539.y	226	226	142	142	139	141	136	140	234	258	164	180	158	182
365	1	4539.z	223	226	142	142	141	153	142	152	232	258	164	170	154	158
366	1	4541.ad	225	225	142	142	137	143	142	144	214	238	162	180	154	190
367	1	4541.af	225	225	142	145	131	139	144	156	214	214	162	176	178	184
368	1	4541.ah	223	223	142	142	139	153	128	144	214	214	162	168	9999	9999
369	1	4541.ai	225	225	142	142	143	151	134	144	214	238	162	180	148	154
370	1	4541.k	225	225	142	142	139	153	128	144	216	238	162	168	154	184
371	1	4541.n	223	225	142	145	139	155	146	156	238	238	162	176	178	184
372	1	4541.o	225	225	142	142	137	139	142	146	214	214	162	180	184	190
373	1	4541.u	225	225	142	145	139	155	140	146	214	238	162	176	156	180
374	1	4542.ac	226	226	145	145	155	155	140	140	214	240	176	176	158	160
375	1	4542.g	226	233	142	145	131	137	134	156	214	238	152	176	150	180
376	1	4542.j	223	226	142	145	145	155	128	140	214	214	9999	9999	150	178
377	1	4543.b	223	225	142	142	139	139	128	140	236	240	9999	9999	152	174
378	1	4544.a	223	225	142	145	125	147	136	146	214	238	164	168	176	188
379	1	4544.d	223	223	142	142	125	135	136	136	214	238	9999	9999	148	156
380	1	4545.b	225	227	142	142	139	147	138	150	228	228	162	162	150	176
381	1	4545.f	221	225	142	142	125	147	138	150	228	238	162	166	154	180
382	1	4545.g	223	226	142	142	139	147	142	148	216	228	162	168	166	180
383	1	4546.b	227	231	142	142	131	153	138	138	226	240	160	166	154	158
384	1	4546.c	226	237	142	142	125	139	142	150	238	238	162	168	150	158
385	1	4547.b	225	225	142	142	139	139	142	146	214	226	162	172	150	154
386	1	4547.d	227	227	142	142	139	145	138	146	238	238	162	166	154	156
387	1	4547.g	223	227	142	142	139	147	138	148	226	228	162	172	152	174
388	1	4548.b	223	226	142	142	139	149	146	146	214	216	166	172	148	160
389	1	4548.c	223	233	142	142	125	135	146	150	214	240	166	168	148	154
390	1	4548.g	225	225	142	142	139	139	138	146	214	226	160	162	148	152
391	1	4549.a	223	226	142	142	131	135	134	152	238	244	9999	9999	156	188
392	1	4549.b	223	225	142	142	137	149	142	146	238	244	9999	9999	160	190
393	1	4549.e	225	225	142	142	137	153	134	142	214	244	166	170	188	188
394	1	4549.h	225	225	142	142	137	153	142	142	214	244	172	178	160	188
395	1	4550.b	223	223	142	142	139	139	140	152	216	238	182	182	150	156
396	1	4550.c	223	223	142	142	131	147	146	152	214	216	162	172	156	160
397	1	4550.d	223	223	142	142	117	131	148	152	216	216	170	182	156	158
398	1	4550.f	223	226	142	142	139	139	140	148	228	238	162	162	160	180
399	1	4550.h	223	223	142	142	131	139	136	140	214	216	162	182	148	160
400	1	4551.a	223	226	142	142	135	139	142	146	216	216	168	170	166	182
401	1	4551.b	226	226	142	142	139	149	142	146	216	244	168	178	154	166
402	1	4552.a	225	229	142	142	135	149	134	148	212	228	168	170	156	160
403	1	4552.c	229	229	142	142	117	153	134	140	230	230	168	170	150	156
404	1	4552.e	225	229	142	142	139	153	134	138	216	232	168	170	9999	9999
405	1	4552.g	225	229	142	142	135	139	140	146	232	244	170	180	156	166
406	1	4552.h	225	229	142	142	149	153	134	146	212	244	168	170	156	166
407	1	4552.k	229	229	142	142	117	135	134	140	212	216	178	180	150	156
408	1	4553.e	223	229	142	142	143	149	136	146	216	216	168	172	150	190
409	1	4553.j	223	229	142	142	137	149	142	146	214	216	168	174	150	190
410	1	4553.m	226	229	142	142	117	149	142	146	216	240	168	172	150	150
411	1	4553.n	223	229	142	142	143	149	142	146	214	240	172	174	150	182
412	1	4553.s	223	226	142	142	117	149	142	148	230	240	168	168	150	190
413	1	4553.t	223	229	142	145	139	149	146	146	216	240	166	168	150	166
414	1	4553.u	229	229	142	142	139	153	142	146	230	240	168	168	176	190
415	1	4553.x	225	229	142	142	139	153	142	146	230	240	166	168	150	176
416	1	4553.y	223	226	142	142	117	139	146	146	216	230	168	172	150	150
417	1	4554.a	223	225	142	145	139	143	136	142	214	214	168	174	176	182
418	1	4554.d	221	226	142	142	137	145	136	140	214	216	170	174	150	160
419	1	4554.e	225	227	142	142	117	143	142	146	216	216	168	174	150	182
420	1	4554.f	221	226	142	142	117	143	142	142	216	230	168	174	150	182
421	1	4554.g	221	229	142	142	139	143	142	148	216	240	170	174	150	150
422	1	4554.h	223	223	142	142	137	149	142	148	216	240	168	174	150	190
423	1	4554.j	223	229	142	142	139	143	136	148	214	240	172	174	150	182
424	1	4554.l	223	229	142	142	143	149	142	146	214	240	168	176	150	150
425	1	4554.q	221	225	142	142	139	143	136	146	214	214	166	174	150	166
426	1	4554.r	221	223	142	142	143	149	136	142	214	238	166	174	160	182
427	1	4554.u	223	223	142	145	143	145	136	142	214	256	168	174	150	182
428	1	4554.v	223	225	142	142	137	153	136	146	214	216	168	174	150	150
429	1	4554.y	223	223	142	145	141	143	142	152	214	256	168	174	150	182
430	1	4555.f	223	223	142	145	139	139	146	148	234	246	168	168	148	150
431	1	4555.g	223	223	142	142	139	149	136	150	214	246	168	170	154	154
432	1	4555.h	223	223	142	142	129	149	142	146	244	246	168	170	148	154
433	1	4555.l	223	229	142	145	145	149	136	148	214	216	154	170	148	154
434	1	4555.m	9999	9999	142	145	149	149	136	144	216	246	170	172	150	154
435	1	4555.q	223	223	142	142	143	149	136	146	214	216	168	170	154	154
436	1	4555.u	223	223	142	142	139	145	134	146	238	246	162	170	154	194
437	1	4555.x	223	223	142	142	139	149	142	146	214	246	164	170	154	160
438	1	4556.a	223	233	142	145	143	147	134	144	238	244	166	170	162	174
439	1	4556.b	223	223	145	145	145	149	134	134	216	238	166	170	162	188
440	1	4556.c	223	225	142	145	147	149	134	146	228	240	166	170	138	152
441	1	4556.d	223	229	142	145	147	149	134	136	228	238	170	170	138	152
442	1	4556.e	223	223	142	145	147	151	134	144	224	238	166	172	162	188
443	1	4556.f	223	223	145	145	139	147	134	146	216	238	166	172	138	152
444	1	4556.g	223	223	142	145	145	149	136	148	238	238	166	172	138	162
445	1	4556.j	223	223	142	145	147	149	136	148	238	238	168	168	138	188
446	1	4556.l	223	225	145	145	139	147	136	146	216	240	168	170	152	162
447	1	4556.m	223	223	142	145	147	151	134	146	240	242	170	182	138	152
448	1	4556.p	223	229	142	142	145	149	134	136	220	240	170	172	162	166
449	1	4556.r	223	223	142	145	147	147	136	154	214	240	170	184	138	160
450	1	4557.a	223	225	142	142	139	145	144	144	242	244	156	172	154	156
451	1	4557.b	223	225	142	145	137	145	134	144	242	244	164	174	148	152
452	1	4557.d	223	226	142	142	131	137	128	144	226	234	156	176	152	174
453	1	4557.e	223	226	142	142	135	145	134	144	216	226	168	174	154	156
454	1	4557.j	223	223	142	145	137	145	134	144	226	242	156	166	148	156
455	1	4557.n	223	223	142	142	145	145	134	136	216	244	156	166	150	152
456	1	4557.p	223	223	142	142	137	147	142	144	220	244	166	174	152	188
457	1	4557.q	223	223	142	142	131	137	128	134	234	244	156	176	156	166
458	1	4558.a	223	225	142	145	145	145	144	148	216	242	172	174	152	152
459	1	4559.a	223	223	142	142	143	147	140	148	220	236	160	168	152	162
460	1	4559.b	223	223	142	145	143	149	140	148	236	242	160	172	150	150
461	1	4561.a	223	225	142	145	141	145	134	142	232	236	168	172	154	156
462	1	4561.b	225	225	142	145	131	145	134	144	236	240	168	176	152	182
463	1	4561.c	225	225	142	142	145	149	134	144	236	244	9999	9999	152	182
464	1	4562.a	223	223	142	145	141	145	134	152	232	242	170	172	156	182
465	1	4562.c	223	223	142	145	125	145	150	152	238	244	170	172	140	154
466	1	4562.e	223	223	142	142	145	145	134	142	232	236	168	172	156	182
467	1	4562.g	223	225	142	145	145	145	134	142	232	236	168	172	156	182
468	1	4563.a	225	225	142	142	125	145	138	146	212	244	160	166	150	152
469	1	4564.a	223	225	142	145	143	149	142	144	236	236	9999	9999	140	156
470	1	4564.b	223	223	142	142	143	147	142	144	238	238	164	190	154	160
471	1	4565.a	217	223	142	145	139	153	144	148	238	246	164	166	148	156
472	1	4565.b	223	225	142	145	143	153	136	150	214	240	164	166	150	174
473	1	4566.c	223	227	142	142	141	143	128	150	234	242	172	182	150	184
474	1	4566.e	223	227	142	142	141	143	128	154	234	242	164	178	174	198
475	1	4566.h	223	225	142	142	137	143	134	146	238	268	164	178	154	184
476	1	4566.k	227	227	142	142	141	143	142	146	248	268	166	182	174	198
477	1	4567.e	223	225	142	142	143	149	128	142	214	232	168	182	156	174
478	1	4567.h	223	225	142	142	139	143	128	146	232	268	162	180	162	174
479	1	4567.l	223	225	142	145	139	143	128	128	232	232	9999	9999	174	184
480	1	4567.n	225	227	142	142	131	139	128	134	232	232	176	182	174	184
481	1	4568.b	225	225	142	142	143	145	134	156	214	240	170	180	152	174
482	1	4568.f	225	225	142	142	131	149	128	140	214	222	176	180	152	168
483	1	4568.h	225	225	142	142	131	149	128	134	214	234	178	178	172	174
484	1	4568.n	225	227	142	142	131	137	128	140	214	234	154	182	152	174
485	1	4568.p	227	227	142	142	131	149	128	134	214	214	152	180	174	174
486	1	4568.r	227	229	142	142	143	149	128	134	214	234	152	180	168	174
487	1	4568.t	225	227	142	142	143	149	128	140	214	214	174	180	168	174
488	1	4568.u	223	225	142	142	131	137	128	140	222	232	174	180	172	174
489	1	4569.a	227	229	142	145	117	149	134	144	214	236	154	176	160	164
490	1	4569.c	9999	9999	142	142	149	149	128	134	214	234	166	176	164	174
491	1	4569.g	227	229	142	142	149	149	128	128	234	234	166	176	164	166
492	1	4569.i	227	229	142	142	131	131	128	134	214	232	154	168	158	164
493	1	4569.j	227	227	142	142	149	149	128	128	234	234	154	176	164	174
494	1	4569.k	229	229	142	142	131	149	128	134	234	234	154	178	158	174
495	1	4569.m	229	229	142	142	149	149	134	134	234	234	166	168	158	164
496	1	4569.n	225	225	142	142	131	149	128	134	214	214	154	166	156	158
497	1	4597.a	225	227	143	146	117	129	126	150	226	238	150	162	156	160
498	1	4597.b	225	225	143	146	129	137	134	154	236	238	158	180	148	176
499	1	4597.c	221	226	143	146	129	139	134	136	224	254	168	172	168	170
500	1	4597.d	221	221	143	146	135	139	134	142	234	242	166	172	152	170
501	1	4597.e	223	223	143	143	129	139	134	142	216	236	170	180	150	152
502	1	4597.f	221	226	146	146	129	139	142	152	234	242	166	172	156	182
503	1	4597.g	221	221	143	146	129	129	142	152	224	226	162	164	152	182
504	1	4597.h	221	221	146	146	129	139	150	152	224	244	166	172	152	182
505	1	4597.i	221	221	146	146	129	135	134	150	224	244	162	164	152	182
506	1	4597.j	221	225	146	146	129	129	150	150	236	244	164	180	152	172
507	1	4597.k	225	226	143	146	135	135	134	136	230	244	162	180	168	176
508	1	4597.l	223	223	143	146	129	129	136	142	226	240	164	166	152	160
509	1	4597.m	223	223	146	146	129	129	142	152	236	244	164	166	156	182
510	1	4597.n	221	223	146	146	129	135	134	144	224	230	164	180	168	170
511	1	4597.o	221	226	146	146	129	135	136	150	226	254	166	168	156	160
512	1	4597.p	225	225	143	143	129	145	134	144	238	238	152	164	150	156
513	1	4597.q	225	226	146	146	129	129	136	142	224	226	164	166	152	156
514	1	4597.r	226	226	143	146	135	135	150	150	236	242	162	164	160	176
515	1	4597.s	221	225	146	146	129	135	144	150	226	254	164	180	156	168
516	1	4598.a	223	223	143	143	129	129	146	152	212	216	160	168	170	172
517	1	4598.b	223	223	143	143	129	147	136	146	216	234	152	160	150	172
518	1	4598.c	221	227	143	143	129	129	136	146	216	238	160	172	150	172
519	1	4598.d	225	229	143	146	129	143	142	150	216	216	160	170	152	172
520	1	4598.f	223	227	143	143	141	149	142	150	216	216	160	172	152	172
521	1	4598.g	223	226	143	146	129	149	142	150	216	216	170	182	172	176
522	1	4598.h	223	226	143	146	141	149	142	150	216	216	170	182	152	172
523	1	4598.i	223	223	143	146	117	129	142	152	216	224	168	182	172	176
524	1	4600.a	226	226	143	146	135	137	132	134	234	244	168	180	170	170
525	1	4600.c	226	226	146	146	135	135	134	142	224	238	168	168	9999	9999
526	1	4600.d	226	226	146	146	137	137	142	144	234	244	158	170	152	170
527	1	4600.f	226	226	146	146	135	135	142	144	236	244	158	168	150	170
528	1	4600.g	226	226	146	146	135	137	132	134	234	236	158	168	160	170
529	1	4600.h	226	226	143	146	135	137	134	142	234	244	168	180	170	170
530	1	4600.i	226	226	143	146	135	135	132	142	234	238	168	182	152	170
531	1	4600.j	226	226	143	143	135	137	132	146	236	244	160	168	152	152
532	1	4600.l	227	226	143	146	135	135	132	142	234	238	158	182	170	170
533	1	4600.n	226	226	146	146	137	137	132	136	244	244	168	170	170	170
534	1	4600.o	226	226	146	146	129	135	134	142	234	244	168	170	152	178
535	1	4600.q	223	226	143	146	135	135	132	132	216	238	168	168	152	188
536	1	4600.t	226	226	143	146	137	137	142	144	234	244	158	170	170	178
537	1	4600.u	226	226	143	146	129	135	132	144	234	244	158	170	170	178
538	1	4601.a	223	227	143	146	129	135	152	152	238	240	172	176	152	154
539	1	4601.b	225	225	143	146	135	135	142	148	214	238	162	172	150	182
540	1	4601.c	223	225	146	146	135	135	148	154	240	240	164	180	154	182
541	1	4601.d	223	225	143	146	129	151	136	152	238	238	172	176	156	176
542	1	4601.e	226	226	143	146	135	135	128	148	214	238	164	174	146	150
543	1	4601.f	223	229	146	146	135	135	144	164	214	216	164	168	150	170
544	1	4601.g	223	223	143	146	129	135	136	152	238	258	160	164	152	170
545	1	4601.h	229	226	146	146	135	143	148	152	216	240	166	184	170	182
546	1	4601.i	221	225	146	146	135	143	152	154	238	240	178	180	152	154
547	1	4601.k	223	227	143	146	129	135	152	152	226	240	164	184	152	156
548	1	4601.l	223	223	143	146	129	129	144	146	226	230	160	172	152	160
549	1	4601.m	223	227	143	146	135	135	136	144	238	254	164	184	146	170
550	1	4601.n	227	229	146	146	135	135	144	148	238	240	156	162	146	170
551	1	4601.o	225	227	143	146	129	129	150	152	216	226	164	166	152	176
552	1	4601.p	223	223	146	146	129	135	152	152	226	226	172	176	152	152
553	1	4601.q	225	225	143	146	129	135	152	152	226	226	172	182	152	152
554	1	4601.r	225	225	143	146	129	137	146	152	226	234	162	176	152	182
555	1	4601.s	225	225	146	146	129	129	142	144	226	238	170	172	152	152
556	1	4602.a	223	223	143	143	129	149	128	142	234	238	170	176	150	154
557	1	4602.b	233	226	143	146	123	137	146	150	222	238	152	160	148	150
558	1	4602.c	226	226	143	143	129	135	142	150	226	238	170	176	148	150
559	1	4602.d	223	229	143	143	129	135	128	154	214	238	152	190	148	182
560	1	4602.e	225	226	143	146	123	149	136	142	234	238	164	184	152	182
561	1	4602.f	227	226	143	143	129	135	136	150	214	238	152	190	146	182
562	1	4602.g	223	223	146	146	129	145	128	134	226	238	164	172	152	182
563	1	4602.h	221	221	143	143	129	129	128	142	238	238	152	170	170	182
564	1	4602.i	223	223	143	143	123	143	134	150	238	238	172	182	152	154
565	1	4602.j	223	223	143	146	129	135	136	142	226	238	164	176	150	182
566	1	4602.k	229	226	146	146	129	135	136	154	238	238	160	164	146	148
567	1	4602.l	226	226	143	146	129	135	136	144	214	238	152	168	146	156
568	1	4602.m	223	223	143	146	123	129	128	128	238	238	152	170	154	182
569	1	4602.n	223	223	143	143	129	135	150	154	238	238	168	188	154	182
570	1	4602.o	223	223	143	143	129	139	128	150	232	238	152	172	148	150
571	1	4602.p	226	226	143	143	123	143	136	140	238	246	164	164	160	182
572	1	4602.q	9999	9999	143	146	123	135	128	142	216	226	150	182	146	152
573	1	4602.r	221	221	146	146	129	135	128	150	216	238	152	166	170	182
574	1	4602.s	229	226	143	146	123	129	128	134	216	238	152	158	146	148
575	1	4602.t	223	226	143	143	123	135	128	142	216	234	164	176	150	182
576	1	4603.a	221	226	143	143	147	149	142	144	216	218	160	160	148	152
577	1	4603.b	227	226	143	146	129	137	142	144	216	240	160	180	152	182
578	1	4603.c	221	225	143	143	129	137	144	144	216	238	168	186	152	160
579	1	4603.d	221	225	143	146	129	147	142	152	232	238	168	180	160	164
580	1	4603.e	221	223	143	143	139	143	144	154	238	240	180	180	156	170
581	1	4603.f	223	226	143	143	139	143	136	144	216	248	172	180	156	170
582	1	4603.g	221	223	143	143	129	143	136	144	216	248	172	180	160	170
583	1	4603.h	221	227	143	143	129	129	144	144	216	216	160	180	158	160
584	1	4603.i	221	221	143	143	129	137	136	152	238	248	172	180	156	170
585	1	4603.j	221	226	143	143	129	129	144	152	216	238	160	180	152	160
586	1	4603.k	9999	9999	143	146	141	149	134	134	218	232	160	172	148	164
587	1	4603.l	221	225	143	143	149	149	144	156	218	238	158	180	152	182
588	1	4603.m	9999	9999	143	146	137	149	142	144	218	240	160	162	152	160
589	1	4603.n	223	223	143	143	129	143	152	154	238	240	172	176	156	170
590	1	4603.o	223	223	143	146	129	139	134	144	232	238	172	172	160	164
591	1	4603.p	221	221	143	143	129	155	144	144	238	240	168	178	152	154
592	1	4603.q	221	226	143	146	129	137	136	144	216	240	164	168	160	176
593	1	4603.r	226	226	143	143	139	139	144	154	238	240	172	180	160	170
594	1	4603.s	221	221	143	143	137	149	144	144	216	240	164	180	152	154
595	1	4603.t	221	229	143	143	129	149	142	142	216	240	168	180	152	160
596	1	4603.u	221	225	143	143	143	147	136	142	238	240	160	180	160	170
597	1	4603.v	225	225	143	146	129	141	144	152	216	232	172	172	160	176
598	1	4604.a	225	225	143	146	129	157	144	154	214	238	152	164	148	160
599	1	4604.b	225	235	143	143	129	149	134	154	214	238	152	172	148	150
600	1	4604.c	221	226	143	146	129	135	142	152	224	244	164	166	152	170
601	1	4604.d	225	225	143	146	129	129	134	154	238	238	152	164	150	160
602	1	4604.e	225	225	143	143	137	139	134	142	214	214	172	180	150	150
603	1	4604.f	225	225	143	146	139	145	144	154	214	238	168	180	150	160
604	1	4604.g	225	225	143	146	129	149	128	134	226	238	176	180	150	150
605	1	4604.h	225	225	143	143	129	145	134	146	214	232	152	180	148	154
606	1	4604.j	221	221	143	146	129	135	142	152	224	244	164	164	156	182
607	1	4604.k	223	223	143	146	129	129	134	144	214	216	152	164	148	154
608	1	4604.l	221	221	146	146	135	139	142	152	236	244	164	164	152	170
609	1	4604.m	225	235	143	146	129	137	134	136	214	238	152	180	150	150
610	1	4604.n	225	225	143	143	139	145	134	134	234	238	152	170	150	150
611	1	4604.o	225	225	143	143	129	147	150	154	236	238	152	186	150	164
612	1	4604.p	225	227	143	143	129	145	134	146	216	238	152	160	150	152
613	1	4604.q	225	225	143	146	139	145	154	156	214	238	164	180	150	156
614	1	4604.r	225	225	143	143	139	145	146	154	214	232	152	160	148	152
615	1	4604.s	225	225	143	143	129	129	134	142	216	238	152	164	150	152
616	1	4604.t	225	233	143	146	129	145	146	154	214	214	152	182	148	150
617	1	4604.u	227	227	143	146	129	135	142	144	226	230	164	168	156	168
618	1	4677.a	9999	9999	9999	9999	143	151	9999	9999	9999	9999	9999	9999	9999	9999
619	1	4677.c	9999	9999	143	146	143	143	142	150	216	226	170	172	154	154
620	1	4677.d	223	223	146	146	143	151	152	162	216	234	166	184	154	166
621	1	4677.e	9999	9999	143	146	143	143	150	162	226	234	174	182	154	180
622	1	4677.i	223	225	143	146	131	143	128	150	226	234	172	176	150	180
623	1	4677.j	223	223	143	146	143	151	142	150	234	234	172	172	154	180
624	1	4677.k	223	223	146	146	143	143	150	162	216	226	172	182	154	180
625	1	4677.l	225	225	143	146	143	151	142	150	216	234	162	184	154	192
626	1	4677.m	223	223	143	146	137	143	140	150	226	234	160	170	154	184
627	1	4678.a (or q)	9999	9999	143	146	145	149	136	156	226	226	158	174	160	180
628	1	4678.b	221	223	143	146	129	145	142	144	238	242	158	180	160	180
629	1	4678.c	223	223	146	146	145	151	142	146	226	242	172	174	160	166
630	1	4678.d	221	225	143	146	145	145	144	156	226	238	168	174	160	180
631	1	4678.e	223	225	146	146	145	149	136	142	226	226	158	174	166	176
632	1	4678.f	221	223	146	146	129	149	144	164	216	238	158	164	176	186
633	1	4678.g	223	223	143	146	145	151	146	156	218	226	158	180	176	180
634	1	4678.h	221	221	143	146	143	145	134	144	218	242	168	180	154	186
635	1	4678.i	221	221	146	146	145	149	146	156	226	226	172	174	160	166
636	1	4678.j	9999	9999	146	146	143	145	142	144	226	242	158	174	164	176
637	1	4678.k	223	223	143	146	145	149	142	146	218	226	158	174	166	176
638	1	4678.l	221	221	143	143	145	145	156	156	226	242	174	180	160	160
639	1	4678.m	9999	9999	143	146	145	149	142	146	218	242	172	174	176	180
640	1	4678.n	223	223	143	146	143	145	134	156	232	242	174	180	160	162
641	1	4678.o	221	221	143	143	129	145	144	156	218	242	168	180	160	180
642	1	4678.p	221	221	143	146	145	145	142	156	226	242	176	180	160	176
643	1	4678.r	221	223	146	146	145	145	144	164	218	218	158	164	156	180
644	1	4678.t	221	221	143	146	145	145	144	164	216	218	158	164	156	186
645	1	4678.u	221	223	146	146	145	145	142	144	216	218	158	164	176	180
646	1	4678.w	223	223	143	146	131	145	142	142	218	226	160	174	156	160
647	1	4679.a	221	223	143	146	137	141	142	150	214	216	160	168	152	182
648	1	4679.b	221	221	143	146	139	141	140	152	216	216	168	184	156	158
649	1	4679.c	221	221	143	143	141	149	144	144	216	246	178	182	152	152
650	1	4679.d	225	225	143	146	137	149	140	150	216	246	168	180	152	162
651	1	4679.e	225	225	143	143	149	157	150	152	216	236	160	176	152	154
652	1	4679.f	225	225	143	143	147	149	142	144	216	254	168	180	152	162
653	1	4679.g	221	223	143	143	147	149	150	150	214	216	168	180	154	156
654	1	4679.i	225	225	143	146	137	153	144	150	216	216	166	180	150	152
655	1	4679.j	221	225	143	146	149	149	142	144	246	246	166	168	152	152
656	1	4679.k	221	225	143	143	137	141	144	152	216	216	166	180	154	172
657	1	4679.l	225	225	143	146	147	149	142	144	246	246	168	184	156	162
658	1	4679.m	225	225	143	146	137	149	144	152	216	246	160	184	150	152
659	1	4679.r	225	225	143	146	137	147	140	144	216	246	160	168	154	162
660	1	4679.t	9999	9999	143	146	141	149	136	152	216	216	166	184	150	152
661	1	4679.v	9999	9999	143	143	137	141	142	144	216	216	160	170	152	154
662	1	4680.aa	225	226	143	146	137	147	134	142	216	230	158	176	152	154
663	1	4680.ab	225	226	143	143	145	145	142	148	216	232	166	168	150	164
664	1	4680.ac	225	226	143	146	137	147	140	142	216	230	158	176	154	164
665	1	4680.b	225	226	143	143	143	145	134	152	216	216	158	176	154	164
666	1	4680.c	225	226	143	143	143	145	140	152	216	216	168	176	152	154
667	1	4680.d	225	226	143	146	137	145	140	152	216	216	158	176	152	154
668	1	4680.e	225	226	143	143	143	145	142	150	230	244	158	166	164	182
669	1	4680.f	225	226	143	146	143	145	134	152	216	216	158	176	152	154
670	1	4680.g	225	226	143	146	147	147	134	142	230	236	158	158	152	154
671	1	4680.h	225	227	143	143	137	145	140	142	216	230	9999	9999	152	154
672	1	4680.i	225	227	143	143	137	147	134	142	216	216	168	176	154	164
673	1	4680.j	225	226	143	143	137	147	140	152	216	230	168	188	154	164
674	1	4680.k	225	227	143	146	137	147	140	152	216	230	168	176	152	154
675	1	4680.m	225	227	143	143	137	145	140	152	216	230	158	186	154	164
676	1	4680.n	225	226	143	146	137	147	134	152	216	230	168	188	152	154
677	1	4680.p	225	227	143	146	137	145	134	142	216	216	168	176	154	164
678	1	4680.r	225	226	143	143	143	145	140	152	216	216	158	176	154	164
679	1	4680.s	223	223	143	143	143	147	142	152	230	232	168	170	150	164
680	1	4680.u	223	226	143	146	137	147	134	152	216	230	158	176	152	154
681	1	4680.v	225	226	143	143	143	145	140	152	216	230	168	188	154	164
682	1	4680.w	226	226	143	143	147	149	142	150	216	232	166	168	152	152
683	1	4680.x	225	226	143	143	143	145	134	152	216	216	158	176	154	164
684	1	4680.y	223	226	143	146	147	149	140	152	216	234	168	170	152	156
685	1	4680.z	225	226	143	143	137	145	134	152	216	216	158	188	152	154
686	1	4681.a	223	227	143	146	137	149	134	154	232	238	160	176	152	180
687	1	4681.b	223	223	143	146	137	137	136	142	226	238	178	186	148	182
688	1	4681.c	223	226	143	143	137	141	142	142	226	232	168	186	178	180
689	1	4681.d	221	221	143	146	137	141	134	142	238	244	156	186	148	152
690	1	4681.e	225	225	143	143	137	149	142	142	232	238	160	176	152	180
691	1	4681.f	223	223	143	143	137	149	142	154	226	242	160	168	148	178
692	1	4681.g	9999	9999	143	146	141	157	134	142	232	238	176	186	152	180
693	1	4681.h	223	225	143	146	141	157	142	152	214	226	160	164	148	152
694	1	4681.i	223	227	143	146	137	141	134	154	214	226	158	186	148	152
695	1	4681.k	9999	9999	143	146	145	157	154	154	232	238	186	198	148	170
696	1	4681.l	223	227	143	143	129	157	142	154	216	238	160	180	152	180
697	1	4681.m	223	225	143	143	141	157	142	142	232	238	168	186	178	180
698	1	4681.n	223	223	146	146	137	137	140	142	238	248	160	182	148	182
699	1	4681.o	223	227	146	146	131	137	140	154	238	248	160	178	156	180
700	1	4681.p	223	227	143	146	137	145	142	154	226	232	180	184	172	180
701	1	4681.q	223	225	143	146	145	157	154	154	216	226	184	186	148	170
702	1	4681.r	223	227	143	146	131	157	140	142	238	248	178	186	148	182
703	1	4681.s	223	227	143	146	137	149	142	142	232	238	160	176	178	180
704	1	4681.t	227	227	146	146	137	143	142	150	216	226	166	186	154	180
705	1	4681.u	223	227	143	146	137	139	142	144	226	244	180	186	148	156
706	1	4681.v	223	223	143	143	141	157	142	154	226	232	160	176	178	180
707	1	4681.w	223	223	143	146	137	149	134	154	238	242	160	176	152	180
708	1	4681.x	221	221	146	146	137	141	152	154	214	238	164	186	148	172
709	1	4682.b	223	226	143	146	145	149	134	138	240	248	164	180	152	164
710	1	4682.d	226	226	143	146	147	149	136	136	240	242	160	170	152	152
711	1	4682.i	223	229	143	143	143	155	154	164	234	240	164	168	152	162
712	1	4682.j	221	223	143	143	141	149	154	156	236	240	166	168	152	152
713	1	4682.l	221	223	143	146	143	149	134	138	232	232	166	168	148	154
714	1	4682.n	226	226	143	143	143	155	148	164	232	240	168	170	152	156
715	1	4682.o	227	229	143	143	143	143	136	148	232	240	164	170	152	154
716	1	4682.p	9999	9999	143	146	145	149	134	154	232	242	164	176	152	164
717	1	4682.r	227	226	143	146	123	145	136	154	216	248	168	180	152	184
718	1	4682.s	9999	9999	143	146	141	149	136	138	214	240	158	168	148	152
719	1	4682.t	225	229	143	146	145	149	134	164	240	242	168	178	154	164
720	1	4682.u	229	226	143	146	131	149	136	154	216	232	168	180	152	154
721	1	4682.v	225	229	143	146	149	155	136	154	234	240	166	170	154	162
722	1	4682.w	225	225	143	143	149	155	138	154	232	248	164	168	152	156
723	1	4682.x	223	226	143	146	149	155	138	152	228	232	160	168	148	178
724	1	4682.y	221	223	143	146	147	149	154	156	228	232	168	174	152	178
725	1	4682.z	223	225	143	146	143	145	142	154	228	248	170	176	152	164
726	1	4683.c	223	227	143	146	131	153	140	140	232	240	160	166	154	170
727	1	4683.e	223	225	146	146	131	149	142	150	232	242	164	178	170	182
728	1	4683.f	223	225	143	146	145	147	140	140	216	242	160	178	154	156
729	1	4683.g	223	223	143	143	145	147	140	140	232	240	160	166	154	156
730	1	4683.h	223	223	143	143	145	147	140	150	232	240	160	178	152	156
731	1	4683.j	223	223	143	143	131	153	140	150	216	240	160	166	152	170
732	1	4683.k	223	226	143	146	145	147	140	140	216	242	160	166	154	170
733	1	4683.l	225	226	143	146	145	147	140	140	216	240	178	182	152	170
734	1	4683.m	223	223	143	146	131	153	140	150	216	242	166	182	154	156
735	1	4683.n	9999	9999	143	146	145	147	140	140	216	242	160	166	152	170
736	1	4683.o	223	223	143	143	123	131	140	142	216	242	164	166	156	170
737	1	4683.r	9999	9999	143	146	147	153	140	150	232	242	178	182	152	170
738	1	4683.s	223	225	143	146	147	153	140	140	232	240	160	178	152	170
739	1	4683.t	223	226	143	143	131	153	140	140	232	240	160	166	152	170
740	1	4684.b	226	226	143	143	131	137	138	152	234	246	162	178	152	184
741	1	4684.c	226	226	143	143	137	137	138	152	216	234	162	166	156	184
742	1	4684.d	225	225	143	146	137	137	134	152	234	244	166	180	156	186
743	1	4684.e	226	226	143	143	137	137	136	138	216	230	162	166	152	156
744	1	4684.f	225	227	143	143	131	137	144	152	216	234	162	166	156	184
745	1	4684.j	226	226	143	143	137	137	144	152	216	242	162	166	180	184
746	1	4684.k	225	227	143	143	137	145	134	152	234	242	162	180	156	184
747	1	4684.l	223	225	143	143	137	137	134	152	216	230	162	180	152	184
748	1	4684.m	225	226	143	143	137	145	148	152	216	234	160	162	176	184
749	1	4684.n	225	227	143	146	137	145	136	138	234	246	162	166	152	184
750	1	4684.o	225	227	143	143	137	137	134	152	216	244	162	162	152	156
751	1	4684.p	225	227	143	146	131	137	138	144	216	234	162	166	182	184
752	1	4684.r	221	225	143	146	137	139	152	152	216	216	166	174	152	156
753	1	4684.s	225	227	143	143	137	137	136	138	216	244	162	180	156	186
754	1	4684.t	225	225	143	143	131	137	134	152	216	246	162	180	152	156
755	1	4684.u	225	225	143	143	137	137	136	138	216	230	166	174	180	184
756	1	4685.a	9999	9999	146	146	129	151	138	144	216	234	166	168	156	156
757	1	4685.aa	9999	9999	143	146	137	145	136	144	216	216	168	172	154	184
758	1	4685.ab	221	221	143	143	145	145	128	154	216	216	162	170	162	184
759	1	4685.ac	226	226	143	143	147	151	138	154	240	240	162	174	156	184
760	1	4685.b	9999	9999	146	146	145	145	136	146	216	244	162	166	176	184
761	1	4685.c	223	223	146	146	137	145	136	154	216	240	168	172	152	154
762	1	4685.f	225	226	146	146	139	147	136	156	216	216	172	174	152	184
763	1	4685.g	225	227	146	146	147	147	136	136	216	232	162	176	154	184
764	1	4685.h	225	225	146	146	145	147	136	136	240	242	162	174	176	184
765	1	4685.j	225	225	143	146	143	145	134	154	240	246	162	162	184	184
766	1	4685.k	225	226	143	146	145	151	136	156	216	240	162	172	182	184
767	1	4685.l	227	226	143	146	143	151	134	146	234	240	162	174	152	156
768	1	4685.m	223	225	146	146	139	147	136	154	240	248	172	174	156	184
769	1	4685.n	226	226	146	146	147	151	134	154	216	246	162	174	152	184
770	1	4685.o	225	227	146	146	145	149	136	136	232	240	162	166	152	184
771	1	4685.p	223	225	143	146	135	147	144	154	230	240	172	174	152	176
772	1	4685.q	225	227	146	146	145	147	134	154	232	240	162	180	152	184
773	1	4685.r	227	229	143	146	145	147	128	136	216	242	162	174	152	184
774	1	4685.w	223	225	146	146	139	145	136	144	216	232	172	180	156	184
775	1	4685.x	223	226	146	146	141	145	136	146	216	240	166	172	152	176
776	1	4685.y	225	227	143	146	145	145	136	154	216	216	170	172	176	184
777	1	4685.z	223	223	143	143	139	145	136	154	216	240	162	174	156	184
